-1.5709798135129e+05   0.0000000000000e+00
-1.5690674851835e+05   0.0000000000000e+00
-1.5671551568541e+05   0.0000000000000e+00
-1.5652428285248e+05   0.0000000000000e+00
-1.5633305001954e+05   0.0000000000000e+00
-1.5614181718660e+05   0.0000000000000e+00
-1.5595058435366e+05   0.0000000000000e+00
-1.5575935152072e+05   0.0000000000000e+00
-1.5556811868778e+05   0.0000000000000e+00
-1.5537688585484e+05   0.0000000000000e+00
-1.5518565302190e+05   0.0000000000000e+00
-1.5499442018896e+05   0.0000000000000e+00
-1.5480318735602e+05   0.0000000000000e+00
-1.5461195452308e+05   0.0000000000000e+00
-1.5442072169014e+05   0.0000000000000e+00
-1.5422948885720e+05   0.0000000000000e+00
-1.5403825602426e+05   0.0000000000000e+00
-1.5384702319132e+05   0.0000000000000e+00
-1.5365579035838e+05   0.0000000000000e+00
-1.5346455752544e+05   0.0000000000000e+00
-1.5327332469250e+05   0.0000000000000e+00
-1.5308209185956e+05   0.0000000000000e+00
-1.5289085902662e+05   0.0000000000000e+00
-1.5269962619368e+05   0.0000000000000e+00
-1.5250839336074e+05   0.0000000000000e+00
-1.5231716052780e+05   0.0000000000000e+00
-1.5212592769486e+05   0.0000000000000e+00
-1.5193469486192e+05   0.0000000000000e+00
-1.5174346202898e+05   0.0000000000000e+00
-1.5155222919604e+05   0.0000000000000e+00
-1.5136099636310e+05   0.0000000000000e+00
-1.5116976353016e+05   0.0000000000000e+00
-1.5097853069722e+05   0.0000000000000e+00
-1.5078729786428e+05   0.0000000000000e+00
-1.5059606503134e+05   0.0000000000000e+00
-1.5040483219840e+05   0.0000000000000e+00
-1.5021359936546e+05   0.0000000000000e+00
-1.5002236653252e+05   0.0000000000000e+00
-1.4983113369958e+05   0.0000000000000e+00
-1.4963990086664e+05   0.0000000000000e+00
-1.4944866803370e+05   0.0000000000000e+00
-1.4925743520076e+05   0.0000000000000e+00
-1.4906620236782e+05   0.0000000000000e+00
-1.4887496953488e+05   0.0000000000000e+00
-1.4868373670194e+05   0.0000000000000e+00
-1.4849250386900e+05   0.0000000000000e+00
-1.4830127103606e+05   0.0000000000000e+00
-1.4811003820312e+05   0.0000000000000e+00
-1.4791880537018e+05   0.0000000000000e+00
-1.4772757253724e+05   0.0000000000000e+00
-1.4753633970430e+05   0.0000000000000e+00
-1.4734510687136e+05   0.0000000000000e+00
-1.4715387403842e+05   0.0000000000000e+00
-1.4696264120548e+05   0.0000000000000e+00
-1.4677140837254e+05   0.0000000000000e+00
-1.4658017553960e+05   0.0000000000000e+00
-1.4638894270666e+05   0.0000000000000e+00
-1.4619770987372e+05   0.0000000000000e+00
-1.4600647704078e+05   0.0000000000000e+00
-1.4581524420784e+05   0.0000000000000e+00
-1.4562401137490e+05   0.0000000000000e+00
-1.4543277854196e+05   0.0000000000000e+00
-1.4524154570902e+05   0.0000000000000e+00
-1.4505031287608e+05   0.0000000000000e+00
-1.4485908004314e+05   0.0000000000000e+00
-1.4466784721020e+05   0.0000000000000e+00
-1.4447661437726e+05   0.0000000000000e+00
-1.4428538154432e+05   0.0000000000000e+00
-1.4409414871138e+05   0.0000000000000e+00
-1.4390291587844e+05   0.0000000000000e+00
-1.4371168304550e+05   0.0000000000000e+00
-1.4352045021256e+05   0.0000000000000e+00
-1.4332921737962e+05   0.0000000000000e+00
-1.4313798454668e+05   0.0000000000000e+00
-1.4294675171374e+05   0.0000000000000e+00
-1.4275551888080e+05   0.0000000000000e+00
-1.4256428604786e+05   0.0000000000000e+00
-1.4237305321492e+05   0.0000000000000e+00
-1.4218182038198e+05   0.0000000000000e+00
-1.4199058754904e+05   0.0000000000000e+00
-1.4179935471610e+05   0.0000000000000e+00
-1.4160812188316e+05   0.0000000000000e+00
-1.4141688905022e+05   0.0000000000000e+00
-1.4122565621728e+05   0.0000000000000e+00
-1.4103442338434e+05   0.0000000000000e+00
-1.4084319055141e+05   0.0000000000000e+00
-1.4065195771847e+05   0.0000000000000e+00
-1.4046072488553e+05   0.0000000000000e+00
-1.4026949205259e+05   0.0000000000000e+00
-1.4007825921965e+05   0.0000000000000e+00
-1.3988702638671e+05   0.0000000000000e+00
-1.3969579355377e+05   0.0000000000000e+00
-1.3950456072083e+05   0.0000000000000e+00
-1.3931332788789e+05   0.0000000000000e+00
-1.3912209505495e+05   0.0000000000000e+00
-1.3893086222201e+05   0.0000000000000e+00
-1.3873962938907e+05   0.0000000000000e+00
-1.3854839655613e+05   0.0000000000000e+00
-1.3835716372319e+05   0.0000000000000e+00
-1.3816593089025e+05   0.0000000000000e+00
-1.3797469805731e+05   0.0000000000000e+00
-1.3778346522437e+05   0.0000000000000e+00
-1.3759223239143e+05   0.0000000000000e+00
-1.3740099955849e+05   0.0000000000000e+00
-1.3720976672555e+05   0.0000000000000e+00
-1.3701853389261e+05   0.0000000000000e+00
-1.3682730105967e+05   0.0000000000000e+00
-1.3663606822673e+05   0.0000000000000e+00
-1.3644483539379e+05   0.0000000000000e+00
-1.3625360256085e+05   0.0000000000000e+00
-1.3606236972791e+05   0.0000000000000e+00
-1.3587113689497e+05   0.0000000000000e+00
-1.3567990406203e+05   0.0000000000000e+00
-1.3548867122909e+05   0.0000000000000e+00
-1.3529743839615e+05   0.0000000000000e+00
-1.3510620556321e+05   0.0000000000000e+00
-1.3491497273027e+05   0.0000000000000e+00
-1.3472373989733e+05   0.0000000000000e+00
-1.3453250706439e+05   0.0000000000000e+00
-1.3434127423145e+05   0.0000000000000e+00
-1.3415004139851e+05   0.0000000000000e+00
-1.3395880856557e+05   0.0000000000000e+00
-1.3376757573263e+05   0.0000000000000e+00
-1.3357634289969e+05   0.0000000000000e+00
-1.3338511006675e+05   0.0000000000000e+00
-1.3319387723381e+05   0.0000000000000e+00
-1.3300264440087e+05   0.0000000000000e+00
-1.3281141156793e+05   0.0000000000000e+00
-1.3262017873499e+05   0.0000000000000e+00
-1.3242894590205e+05   0.0000000000000e+00
-1.3223771306911e+05   0.0000000000000e+00
-1.3204648023617e+05   0.0000000000000e+00
-1.3185524740323e+05   0.0000000000000e+00
-1.3166401457029e+05   0.0000000000000e+00
-1.3147278173735e+05   0.0000000000000e+00
-1.3128154890441e+05   0.0000000000000e+00
-1.3109031607147e+05   0.0000000000000e+00
-1.3089908323853e+05   0.0000000000000e+00
-1.3070785040559e+05   0.0000000000000e+00
-1.3051661757265e+05   0.0000000000000e+00
-1.3032538473971e+05   0.0000000000000e+00
-1.3013415190677e+05   0.0000000000000e+00
-1.2994291907383e+05   0.0000000000000e+00
-1.2975168624089e+05   0.0000000000000e+00
-1.2956045340795e+05   0.0000000000000e+00
-1.2936922057501e+05   0.0000000000000e+00
-1.2917798774207e+05   0.0000000000000e+00
-1.2898675490913e+05   0.0000000000000e+00
-1.2879552207619e+05   0.0000000000000e+00
-1.2860428924325e+05   0.0000000000000e+00
-1.2841305641031e+05   0.0000000000000e+00
-1.2822182357737e+05   0.0000000000000e+00
-1.2803059074443e+05   0.0000000000000e+00
-1.2783935791149e+05   0.0000000000000e+00
-1.2764812507855e+05   0.0000000000000e+00
-1.2745689224561e+05   0.0000000000000e+00
-1.2726565941267e+05   0.0000000000000e+00
-1.2707442657973e+05   0.0000000000000e+00
-1.2688319374679e+05   0.0000000000000e+00
-1.2669196091385e+05   0.0000000000000e+00
-1.2650072808091e+05   0.0000000000000e+00
-1.2630949524797e+05   0.0000000000000e+00
-1.2611826241503e+05   0.0000000000000e+00
-1.2592702958209e+05   0.0000000000000e+00
-1.2573579674915e+05   0.0000000000000e+00
-1.2554456391621e+05   0.0000000000000e+00
-1.2535333108328e+05   0.0000000000000e+00
-1.2516209825034e+05   0.0000000000000e+00
-1.2497086541740e+05   0.0000000000000e+00
-1.2477963258446e+05   0.0000000000000e+00
-1.2458839975152e+05   0.0000000000000e+00
-1.2439716691858e+05   0.0000000000000e+00
-1.2420593408564e+05   0.0000000000000e+00
-1.2401470125270e+05   0.0000000000000e+00
-1.2382346841976e+05   0.0000000000000e+00
-1.2363223558682e+05   0.0000000000000e+00
-1.2344100275388e+05   0.0000000000000e+00
-1.2324976992094e+05   0.0000000000000e+00
-1.2305853708800e+05   0.0000000000000e+00
-1.2286730425506e+05   0.0000000000000e+00
-1.2267607142212e+05   0.0000000000000e+00
-1.2248483858918e+05   0.0000000000000e+00
-1.2229360575624e+05   0.0000000000000e+00
-1.2210237292330e+05   0.0000000000000e+00
-1.2191114009036e+05   0.0000000000000e+00
-1.2171990725742e+05   0.0000000000000e+00
-1.2152867442448e+05   0.0000000000000e+00
-1.2133744159154e+05   0.0000000000000e+00
-1.2114620875860e+05   0.0000000000000e+00
-1.2095497592566e+05   0.0000000000000e+00
-1.2076374309272e+05   0.0000000000000e+00
-1.2057251025978e+05   0.0000000000000e+00
-1.2038127742684e+05   0.0000000000000e+00
-1.2019004459390e+05   0.0000000000000e+00
-1.1999881176096e+05   0.0000000000000e+00
-1.1980757892802e+05   0.0000000000000e+00
-1.1961634609508e+05   0.0000000000000e+00
-1.1942511326214e+05   0.0000000000000e+00
-1.1923388042920e+05   0.0000000000000e+00
-1.1904264759626e+05   0.0000000000000e+00
-1.1885141476332e+05   0.0000000000000e+00
-1.1866018193038e+05   0.0000000000000e+00
-1.1846894909744e+05   0.0000000000000e+00
-1.1827771626450e+05   0.0000000000000e+00
-1.1808648343156e+05   0.0000000000000e+00
-1.1789525059862e+05   0.0000000000000e+00
-1.1770401776568e+05   0.0000000000000e+00
-1.1751278493274e+05   0.0000000000000e+00
-1.1732155209980e+05   0.0000000000000e+00
-1.1713031926686e+05   0.0000000000000e+00
-1.1693908643392e+05   0.0000000000000e+00
-1.1674785360098e+05   0.0000000000000e+00
-1.1655662076804e+05   0.0000000000000e+00
-1.1636538793510e+05   0.0000000000000e+00
-1.1617415510216e+05   0.0000000000000e+00
-1.1598292226922e+05   0.0000000000000e+00
-1.1579168943628e+05   0.0000000000000e+00
-1.1560045660334e+05   0.0000000000000e+00
-1.1540922377040e+05   0.0000000000000e+00
-1.1521799093746e+05   0.0000000000000e+00
-1.1502675810452e+05   0.0000000000000e+00
-1.1483552527158e+05   0.0000000000000e+00
-1.1464429243864e+05   0.0000000000000e+00
-1.1445305960570e+05   0.0000000000000e+00
-1.1426182677276e+05   0.0000000000000e+00
-1.1407059393982e+05   0.0000000000000e+00
-1.1387936110688e+05   0.0000000000000e+00
-1.1368812827394e+05   0.0000000000000e+00
-1.1349689544100e+05   0.0000000000000e+00
-1.1330566260806e+05   0.0000000000000e+00
-1.1311442977512e+05   0.0000000000000e+00
-1.1292319694218e+05   0.0000000000000e+00
-1.1273196410924e+05   0.0000000000000e+00
-1.1254073127630e+05   0.0000000000000e+00
-1.1234949844336e+05   0.0000000000000e+00
-1.1215826561042e+05   0.0000000000000e+00
-1.1196703277748e+05   0.0000000000000e+00
-1.1177579994454e+05   0.0000000000000e+00
-1.1158456711160e+05   2.5427905842662e-02
-1.1139333427866e+05   1.2247152626514e-02
-1.1120210144572e+05   -1.3732507359236e-03
-1.1101086861278e+05   -2.6036985218525e-02
-1.1081963577984e+05   -2.9916534200311e-02
-1.1062840294690e+05   -3.0823076143861e-02
-1.1043717011396e+05   -1.8813255010173e-03
-1.1024593728102e+05   9.0074483305216e-03
-1.1005470444808e+05   -5.6268358603120e-03
-1.0986347161515e+05   -5.4998442530632e-02
-1.0967223878221e+05   1.6369635239244e-02
-1.0948100594927e+05   5.1734060049057e-02
-1.0928977311633e+05   1.2385466136038e-02
-1.0909854028339e+05   -4.9552456475794e-03
-1.0890730745045e+05   8.6064655333757e-03
-1.0871607461751e+05   2.9154628515244e-02
-1.0852484178457e+05   2.6480199769139e-02
-1.0833360895163e+05   -2.7997683733702e-02
-1.0814237611869e+05   -1.5356913208961e-02
-1.0795114328575e+05   1.7065305262804e-02
-1.0775991045281e+05   -3.8947004941292e-04
-1.0756867761987e+05   -8.2190930843353e-02
-1.0737744478693e+05   -7.5530065223575e-03
-1.0718621195399e+05   -1.8380111083388e-02
-1.0699497912105e+05   1.3252814533189e-03
-1.0680374628811e+05   -4.6063121408224e-03
-1.0661251345517e+05   -1.7328174784780e-02
-1.0642128062223e+05   -1.6711998730898e-02
-1.0623004778929e+05   4.9011372029781e-02
-1.0603881495635e+05   4.2771246284246e-02
-1.0584758212341e+05   -4.3355055153370e-02
-1.0565634929047e+05   -1.4354662969708e-02
-1.0546511645753e+05   -3.5085476934910e-02
-1.0527388362459e+05   3.0273167416453e-02
-1.0508265079165e+05   -1.8886592239141e-02
-1.0489141795871e+05   -3.3814709633589e-02
-1.0470018512577e+05   3.2828390598297e-02
-1.0450895229283e+05   5.2330832928419e-02
-1.0431771945989e+05   1.6687978059053e-02
-1.0412648662695e+05   -4.9914449453354e-02
-1.0393525379401e+05   7.1129456162453e-02
-1.0374402096107e+05   2.1571493707597e-03
-1.0355278812813e+05   -2.0971659105271e-03
-1.0336155529519e+05   -1.5965975821018e-02
-1.0317032246225e+05   7.4051901698112e-02
-1.0297908962931e+05   -2.8025552630424e-02
-1.0278785679637e+05   -9.1284597292542e-03
-1.0259662396343e+05   4.4158592820168e-02
-1.0240539113049e+05   2.9570577666163e-02
-1.0221415829755e+05   -2.6864886749536e-03
-1.0202292546461e+05   4.5627225190401e-02
-1.0183169263167e+05   2.6141613721848e-02
-1.0164045979873e+05   5.6680362671614e-02
-1.0144922696579e+05   4.2546771466732e-02
-1.0125799413285e+05   -6.0929514467716e-02
-1.0106676129991e+05   -7.8877378255129e-03
-1.0087552846697e+05   -2.4813048075885e-03
-1.0068429563403e+05   -5.6569455191493e-03
-1.0049306280109e+05   7.6187044382095e-02
-1.0030182996815e+05   -4.6664986759424e-02
-1.0011059713521e+05   4.9851066432893e-03
-9.9919364302271e+04   -5.0268407911062e-02
-9.9728131469332e+04   -1.1119714938104e-02
-9.9536898636392e+04   2.5845626369119e-03
-9.9345665803452e+04   -4.5076265931129e-02
-9.9154432970512e+04   1.1205336079001e-02
-9.8963200137572e+04   1.2427234090865e-02
-9.8771967304632e+04   -4.1476290673018e-02
-9.8580734471692e+04   -1.1785662733018e-02
-9.8389501638752e+04   -1.2174086645246e-02
-9.8198268805813e+04   3.0823252163827e-03
-9.8007035972873e+04   2.0208010450006e-02
-9.7815803139933e+04   1.4154009521008e-02
-9.7624570306993e+04   2.1842777729034e-02
-9.7433337474053e+04   -4.0022179484367e-02
-9.7242104641113e+04   9.2638321220875e-03
-9.7050871808173e+04   3.9275262504816e-02
-9.6859638975233e+04   5.1992747932673e-02
-9.6668406142294e+04   -1.5999624505639e-02
-9.6477173309354e+04   2.9051445424557e-02
-9.6285940476414e+04   -2.9854143504053e-03
-9.6094707643474e+04   1.5375730581582e-02
-9.5903474810534e+04   2.8930826112628e-02
-9.5712241977594e+04   9.7764632664621e-04
-9.5521009144654e+04   -5.9774845838547e-02
-9.5329776311714e+04   5.9107374399900e-02
-9.5138543478775e+04   2.2990449797362e-03
-9.4947310645835e+04   -1.5976248541847e-03
-9.4756077812895e+04   -6.5309584140778e-02
-9.4564844979955e+04   -5.6414395570755e-02
-9.4373612147015e+04   -3.2257817685604e-02
-9.4182379314075e+04   2.6989036705345e-03
-9.3991146481135e+04   2.1480621770024e-02
-9.3799913648195e+04   -4.7915525734425e-02
-9.3608680815255e+04   4.1224202141166e-03
-9.3417447982316e+04   -4.9693904817104e-02
-9.3226215149376e+04   8.9692650362849e-03
-9.3034982316436e+04   3.0277073383331e-02
-9.2843749483496e+04   5.1812292076647e-04
-9.2652516650556e+04   -2.6572784408927e-02
-9.2461283817616e+04   -1.2960271909833e-02
-9.2270050984676e+04   3.0684303492308e-02
-9.2078818151736e+04   5.2667692303658e-02
-9.1887585318797e+04   4.1219104081392e-02
-9.1696352485857e+04   2.3124802857637e-02
-9.1505119652917e+04   3.8339477032423e-02
-9.1313886819977e+04   4.7407560050488e-02
-9.1122653987037e+04   7.2627589106560e-02
-9.0931421154097e+04   5.2359011024237e-02
-9.0740188321157e+04   3.1896550208330e-02
-9.0548955488217e+04   2.9077559709549e-02
-9.0357722655278e+04   6.2764130532742e-02
-9.0166489822338e+04   8.3771362900734e-02
-8.9975256989398e+04   1.2250950187445e-01
-8.9784024156458e+04   1.2475552968681e-02
-8.9592791323518e+04   -2.8097622096539e-02
-8.9401558490578e+04   9.2645369470119e-02
-8.9210325657638e+04   4.6352338045835e-02
-8.9019092824698e+04   -4.3234098702669e-03
-8.8827859991759e+04   6.7477077245712e-02
-8.8636627158819e+04   3.6102827638388e-02
-8.8445394325879e+04   1.9701424986124e-02
-8.8254161492939e+04   7.0427246391773e-02
-8.8062928659999e+04   2.6626948267221e-02
-8.7871695827059e+04   6.8021684885025e-02
-8.7680462994119e+04   -5.3083024919033e-02
-8.7489230161179e+04   -1.7063438892365e-02
-8.7297997328240e+04   1.4757849276066e-02
-8.7106764495300e+04   -2.2599810734391e-02
-8.6915531662360e+04   7.6265841722488e-02
-8.6724298829420e+04   6.9173246622086e-02
-8.6533065996480e+04   -5.3813301026821e-02
-8.6341833163540e+04   2.0896216854453e-02
-8.6150600330600e+04   -1.7210276797414e-02
-8.5959367497660e+04   1.4193323440850e-03
-8.5768134664721e+04   -4.6897746622562e-02
-8.5576901831781e+04   1.3499774970114e-02
-8.5385668998841e+04   -2.8732279315591e-02
-8.5194436165901e+04   2.6467291638255e-02
-8.5003203332961e+04   -2.3782927542925e-02
-8.4811970500021e+04   -3.3250544220209e-02
-8.4620737667081e+04   -3.8596510887146e-02
-8.4429504834141e+04   -1.7060594633222e-02
-8.4238272001202e+04   -4.0297854691744e-02
-8.4047039168262e+04   3.5961955785751e-02
-8.3855806335322e+04   -1.6431311145425e-02
-8.3664573502382e+04   -5.4724056273699e-02
-8.3473340669442e+04   -5.0458796322346e-02
-8.3282107836502e+04   -9.9855981767178e-02
-8.3090875003562e+04   -3.8659889250994e-02
-8.2899642170622e+04   -4.8984695225954e-02
-8.2708409337682e+04   2.5319168344140e-02
-8.2517176504743e+04   7.8473128378391e-02
-8.2325943671803e+04   -1.6214728355408e-02
-8.2134710838863e+04   -5.5096518248320e-02
-8.1943478005923e+04   -2.9508877545595e-02
-8.1752245172983e+04   -1.1924678832293e-01
-8.1561012340043e+04   -6.7712865769863e-02
-8.1369779507103e+04   -1.4863227494061e-02
-8.1178546674163e+04   -6.0193467885256e-02
-8.0987313841224e+04   -2.7611089870334e-02
-8.0796081008284e+04   7.4555217288435e-03
-8.0604848175344e+04   -1.5267588198185e-02
-8.0413615342404e+04   -2.6591215282679e-03
-8.0222382509464e+04   -4.8804782330990e-02
-8.0031149676524e+04   -2.7934391051531e-02
-7.9839916843584e+04   -2.2993920370936e-02
-7.9648684010644e+04   3.7896651774645e-03
-7.9457451177705e+04   -5.0136731006205e-03
-7.9266218344765e+04   -7.8411065042019e-02
-7.9074985511825e+04   -1.0687319189310e-01
-7.8883752678885e+04   -5.2803143858910e-02
-7.8692519845945e+04   -4.3614268302917e-02
-7.8501287013005e+04   9.1582530876622e-04
-7.8310054180065e+04   -6.6238038241863e-02
-7.8118821347125e+04   -4.5147903263569e-02
-7.7927588514186e+04   -3.4222159534693e-02
-7.7736355681246e+04   3.7250559777021e-02
-7.7545122848306e+04   -2.1761192008853e-02
-7.7353890015366e+04   -9.8208621144295e-02
-7.7162657182426e+04   -7.1032360196114e-02
-7.6971424349486e+04   -5.8008278720081e-03
-7.6780191516546e+04   -3.0857123434544e-02
-7.6588958683606e+04   -3.7796407938004e-02
-7.6397725850667e+04   3.8331147283316e-02
-7.6206493017727e+04   -1.0690373368561e-02
-7.6015260184787e+04   1.6809135675430e-02
-7.5824027351847e+04   8.5304183885455e-03
-7.5632794518907e+04   -6.4870610833168e-02
-7.5441561685967e+04   -7.0908263325691e-02
-7.5250328853027e+04   5.8272663503885e-02
-7.5059096020087e+04   1.5635032206774e-02
-7.4867863187148e+04   -6.3134022057056e-02
-7.4676630354208e+04   -1.0496364906430e-02
-7.4485397521268e+04   -4.2279157787561e-02
-7.4294164688328e+04   -5.4148990660906e-02
-7.4102931855388e+04   -1.7111446708441e-02
-7.3911699022448e+04   -8.1845082342625e-02
-7.3720466189508e+04   -1.3017884455621e-02
-7.3529233356568e+04   -3.1476084142923e-02
-7.3338000523629e+04   -2.6286972570233e-04
-7.3146767690689e+04   7.1201346814632e-02
-7.2955534857749e+04   -1.5691747888923e-02
-7.2764302024809e+04   1.1756060644984e-02
-7.2573069191869e+04   -7.8653804957867e-02
-7.2381836358929e+04   1.8852350767702e-03
-7.2190603525989e+04   -2.8883241117001e-02
-7.1999370693049e+04   -2.6341719552875e-02
-7.1808137860110e+04   -1.1577401310205e-02
-7.1616905027170e+04   -2.4312416091561e-02
-7.1425672194230e+04   -3.0395793728530e-03
-7.1234439361290e+04   -3.3428639173508e-02
-7.1043206528350e+04   5.1847249269485e-03
-7.0851973695410e+04   2.9306862503290e-02
-7.0660740862470e+04   -7.7556140720844e-02
-7.0469508029530e+04   2.5776283815503e-02
-7.0278275196590e+04   3.6617562174797e-02
-7.0087042363651e+04   8.6039479356259e-04
-6.9895809530711e+04   1.0817658901215e-01
-6.9704576697771e+04   6.2054605223238e-03
-6.9513343864831e+04   6.1001770198345e-02
-6.9322111031891e+04   8.3101600408554e-02
-6.9130878198951e+04   1.5475180745125e-01
-6.8939645366011e+04   1.1489091813564e-01
-6.8748412533071e+04   7.2779171168804e-02
-6.8557179700132e+04   7.2456099092960e-02
-6.8365946867192e+04   8.8762238621712e-02
-6.8174714034252e+04   7.3365531861782e-02
-6.7983481201312e+04   6.8806990981102e-02
-6.7792248368372e+04   3.2437752932310e-02
-6.7601015535432e+04   8.0221332609653e-02
-6.7409782702492e+04   1.7537876963615e-02
-6.7218549869552e+04   7.8250341117382e-02
-6.7027317036613e+04   6.6353797912598e-02
-6.6836084203673e+04   4.6440701931715e-02
-6.6644851370733e+04   1.3940977805760e-04
-6.6453618537793e+04   7.1163378655910e-02
-6.6262385704853e+04   -1.5320814214647e-02
-6.6071152871913e+04   -2.6872523128986e-02
-6.5879920038973e+04   -2.7325244154781e-03
-6.5688687206033e+04   1.6347724944353e-02
-6.5497454373094e+04   -6.8517386913300e-02
-6.5306221540154e+04   -3.4528549760580e-02
-6.5114988707214e+04   3.5965103656054e-02
-6.4923755874274e+04   2.6880919933319e-02
-6.4732523041334e+04   -6.5484240651131e-02
-6.4541290208394e+04   -3.4728292375803e-02
-6.4350057375454e+04   -1.9116919487715e-02
-6.4158824542514e+04   -5.2403040230274e-02
-6.3967591709575e+04   -7.1511752903461e-02
-6.3776358876635e+04   -1.5902498736978e-02
-6.3585126043695e+04   9.8769152536988e-03
-6.3393893210755e+04   -1.1056570336223e-02
-6.3202660377815e+04   -4.6643074601889e-02
-6.3011427544875e+04   3.2132573425770e-02
-6.2820194711935e+04   4.5089907944202e-02
-6.2628961878995e+04   3.2674212008715e-02
-6.2437729046056e+04   -3.3951256424189e-02
-6.2246496213116e+04   -4.4132646173239e-02
-6.2055263380176e+04   3.5253744572401e-02
-6.1864030547236e+04   -7.8792963176966e-03
-6.1672797714296e+04   5.7042770087719e-02
-6.1481564881356e+04   -3.7581784999929e-04
-6.1290332048416e+04   -2.3316025733948e-02
-6.1099099215476e+04   4.1048768907785e-02
-6.0907866382537e+04   4.4995479285717e-02
-6.0716633549597e+04   -7.1703322231770e-02
-6.0525400716657e+04   -2.0573949441314e-03
-6.0334167883717e+04   -1.1503277346492e-02
-6.0142935050777e+04   9.6079716458917e-03
-5.9951702217837e+04   -3.4634978510439e-03
-5.9760469384897e+04   3.8430925458670e-02
-5.9569236551957e+04   1.0717141442001e-02
-5.9378003719018e+04   2.2507654502988e-02
-5.9186770886078e+04   3.7606902420521e-02
-5.8995538053138e+04   7.9494245350361e-02
-5.8804305220198e+04   9.9973287433386e-03
-5.8613072387258e+04   1.0719326324761e-02
-5.8421839554318e+04   7.1338620036840e-03
-5.8230606721378e+04   -5.8468119241297e-03
-5.8039373888438e+04   2.4386793375015e-02
-5.7848141055498e+04   1.8803182989359e-02
-5.7656908222559e+04   -4.0369141846895e-02
-5.7465675389619e+04   8.0395359545946e-03
-5.7274442556679e+04   -3.5131201148033e-02
-5.7083209723739e+04   -9.1796722263098e-03
-5.6891976890799e+04   -1.9294988363981e-02
-5.6700744057859e+04   -7.5051106512547e-02
-5.6509511224919e+04   -3.0561860650778e-02
-5.6318278391979e+04   -7.6721515506506e-03
-5.6127045559040e+04   2.6127507910132e-02
-5.5935812726100e+04   1.4970639022067e-03
-5.5744579893160e+04   1.4347465708852e-02
-5.5553347060220e+04   4.7570630908012e-02
-5.5362114227280e+04   2.1165238693357e-02
-5.5170881394340e+04   7.5139151886106e-03
-5.4979648561400e+04   4.3375682085752e-02
-5.4788415728460e+04   -2.1652910858393e-02
-5.4597182895521e+04   4.1109543293715e-02
-5.4405950062581e+04   -2.2779311984777e-02
-5.4214717229641e+04   7.4188406579196e-03
-5.4023484396701e+04   5.6219723075628e-02
-5.3832251563761e+04   7.2876359336078e-03
-5.3641018730821e+04   3.0799210071564e-03
-5.3449785897881e+04   -3.8228635676205e-03
-5.3258553064941e+04   -4.6011000871658e-02
-5.3067320232002e+04   -1.6542000696063e-02
-5.2876087399062e+04   -5.6688711047173e-02
-5.2684854566122e+04   -5.3467649966478e-02
-5.2493621733182e+04   3.9571188390255e-02
-5.2302388900242e+04   5.7330424897373e-03
-5.2111156067302e+04   4.2009633034468e-02
-5.1919923234362e+04   5.8631137013435e-02
-5.1728690401422e+04   1.0679337196052e-02
-5.1537457568483e+04   1.5975700691342e-02
-5.1346224735543e+04   1.1723499745131e-02
-5.1154991902603e+04   1.5207749791443e-02
-5.0963759069663e+04   3.5307627171278e-02
-5.0772526236723e+04   2.1060369908810e-03
-5.0581293403783e+04   2.2983364760876e-02
-5.0390060570843e+04   2.1006919443607e-02
-5.0198827737903e+04   1.5211346559227e-02
-5.0007594904964e+04   9.1663174331188e-02
-4.9816362072024e+04   1.3877578079700e-02
-4.9625129239084e+04   3.4504499286413e-02
-4.9433896406144e+04   9.9835321307182e-02
-4.9242663573204e+04   -1.6053949948400e-03
-4.9051430740264e+04   8.4011234343052e-02
-4.8860197907324e+04   3.7901993840933e-02
-4.8668965074384e+04   3.8242235779762e-02
-4.8477732241445e+04   7.6788663864136e-02
-4.8286499408505e+04   2.3209380451590e-03
-4.8095266575565e+04   2.1760577335954e-02
-4.7904033742625e+04   6.8118274211884e-02
-4.7712800909685e+04   -1.3962439261377e-02
-4.7521568076745e+04   -1.6781160607934e-02
-4.7330335243805e+04   5.1976069808006e-02
-4.7139102410865e+04   2.0950492471457e-02
-4.6947869577925e+04   3.1385809415951e-04
-4.6756636744986e+04   -1.3963387347758e-02
-4.6565403912046e+04   -3.0313903465867e-02
-4.6374171079106e+04   1.4348413050175e-01
-4.6182938246166e+04   -6.1813727952540e-03
-4.5991705413226e+04   1.7460318282247e-02
-4.5800472580286e+04   1.2031961232424e-02
-4.5609239747346e+04   -2.0684881601483e-03
-4.5418006914406e+04   3.0629757791758e-02
-4.5226774081467e+04   -2.8726961463690e-02
-4.5035541248527e+04   5.8386575430632e-02
-4.4844308415587e+04   2.8752971440554e-02
-4.4653075582647e+04   3.4192215651274e-02
-4.4461842749707e+04   2.2516831755638e-02
-4.4270609916767e+04   3.2026742119342e-03
-4.4079377083827e+04   -3.3574153203517e-03
-4.3888144250887e+04   6.8097598850727e-03
-4.3696911417948e+04   3.4695580601692e-02
-4.3505678585008e+04   2.7798425406218e-02
-4.3314445752068e+04   5.2764642983675e-02
-4.3123212919128e+04   1.2341172993183e-01
-4.2931980086188e+04   5.0471067428589e-02
-4.2740747253248e+04   1.1032646894455e-01
-4.2549514420308e+04   1.3350260257721e-01
-4.2358281587368e+04   1.8715003132820e-01
-4.2167048754429e+04   1.8794819712639e-01
-4.1975815921489e+04   1.5512363612652e-01
-4.1784583088549e+04   2.1767918765545e-01
-4.1593350255609e+04   1.7106699943542e-01
-4.1402117422669e+04   2.0836119353771e-01
-4.1210884589729e+04   8.1730917096138e-02
-4.1019651756789e+04   1.1824405938387e-01
-4.0828418923849e+04   9.1615408658981e-02
-4.0637186090910e+04   1.1134877800941e-01
-4.0445953257970e+04   2.7558185160160e-02
-4.0254720425030e+04   3.2772559672594e-02
-4.0063487592090e+04   1.0915877297521e-02
-3.9872254759150e+04   1.9104806706309e-02
-3.9681021926210e+04   3.7440843880177e-02
-3.9489789093270e+04   9.4598114490509e-02
-3.9298556260330e+04   -2.5539334863424e-02
-3.9107323427391e+04   -3.0030462890863e-02
-3.8916090594451e+04   -1.7041612416506e-02
-3.8724857761511e+04   1.7145097954199e-03
-3.8533624928571e+04   -5.4144170135260e-02
-3.8342392095631e+04   -4.7965250909328e-02
-3.8151159262691e+04   2.6794981211424e-02
-3.7959926429751e+04   6.5927594900131e-02
-3.7768693596811e+04   4.6046283096075e-02
-3.7577460763872e+04   -2.8223294764757e-02
-3.7386227930932e+04   -1.9011064432561e-03
-3.7194995097992e+04   -5.6689873337746e-02
-3.7003762265052e+04   2.8045443817973e-02
-3.6812529432112e+04   4.8692740499973e-02
-3.6621296599172e+04   -5.5870797485113e-02
-3.6430063766232e+04   -2.4295268580317e-02
-3.6238830933292e+04   -5.6733299046755e-02
-3.6047598100353e+04   -1.9037337973714e-02
-3.5856365267413e+04   3.4597054123878e-02
-3.5665132434473e+04   -1.3023313134909e-02
-3.5473899601533e+04   -5.2565038204193e-02
-3.5282666768593e+04   2.1280124783516e-02
-3.5091433935653e+04   1.2884530238807e-02
-3.4900201102713e+04   1.4500636607409e-02
-3.4708968269773e+04   1.0239466093481e-02
-3.4517735436833e+04   -2.2958634421229e-02
-3.4326502603894e+04   1.1695267632604e-02
-3.4135269770954e+04   2.2172614932060e-02
-3.3944036938014e+04   1.2234866619110e-02
-3.3752804105074e+04   6.0585197061300e-03
-3.3561571272134e+04   -2.8092926368117e-02
-3.3370338439194e+04   -2.9587401077151e-02
-3.3179105606254e+04   -4.3213412165642e-02
-3.2987872773314e+04   -7.7706381678581e-02
-3.2796639940375e+04   -4.2158509604633e-03
-3.2605407107435e+04   2.9337540268898e-02
-3.2414174274495e+04   1.2612547725439e-02
-3.2222941441555e+04   -4.1698687709868e-03
-3.2031708608615e+04   -1.3668224215508e-02
-3.1840475775675e+04   9.8355347290635e-04
-3.1649242942735e+04   -3.8873290177435e-03
-3.1458010109795e+04   -1.0833743959665e-02
-3.1266777276856e+04   -1.8906652927399e-02
-3.1075544443916e+04   4.2979028075933e-03
-3.0884311610976e+04   1.5762606635690e-02
-3.0693078778036e+04   -2.1759513765574e-02
-3.0501845945096e+04   3.7173580378294e-02
-3.0310613112156e+04   -2.2276118397713e-02
-3.0119380279216e+04   -2.2606698796153e-02
-2.9928147446276e+04   -2.5013150647283e-02
-2.9736914613337e+04   1.4207847416401e-02
-2.9545681780397e+04   -3.4939181059599e-02
-2.9354448947457e+04   -2.7676459401846e-02
-2.9163216114517e+04   -2.0706340670586e-02
-2.8971983281577e+04   -6.6125251352787e-02
-2.8780750448637e+04   -2.9164360836148e-02
-2.8589517615697e+04   -6.2248419271782e-04
-2.8398284782757e+04   2.8238715603948e-02
-2.8207051949818e+04   -5.3602516651154e-02
-2.8015819116878e+04   5.6252915412188e-02
-2.7824586283938e+04   -1.1092372238636e-02
-2.7633353450998e+04   1.4877400361001e-02
-2.7442120618058e+04   -2.0764116197824e-03
-2.7250887785118e+04   -1.2485581450164e-02
-2.7059654952178e+04   2.6807740330696e-02
-2.6868422119238e+04   -6.1945971101522e-02
-2.6677189286299e+04   -5.6928894482553e-03
-2.6485956453359e+04   -2.1404896397144e-03
-2.6294723620419e+04   -8.6323358118534e-02
-2.6103490787479e+04   -4.3423067778349e-02
-2.5912257954539e+04   4.2619489133358e-02
-2.5721025121599e+04   3.3508934080601e-02
-2.5529792288659e+04   -5.2112855017185e-02
-2.5338559455719e+04   -1.0674385353923e-02
-2.5147326622780e+04   -2.8746567666531e-02
-2.4956093789840e+04   -1.1089025437832e-01
-2.4764860956900e+04   4.4602677226067e-02
-2.4573628123960e+04   -6.0207705944777e-02
-2.4382395291020e+04   3.5639595240355e-02
-2.4191162458080e+04   -3.6041479557753e-02
-2.3999929625140e+04   -3.5270892083645e-02
-2.3808696792200e+04   5.9137605130672e-02
-2.3617463959261e+04   3.3392090350389e-02
-2.3426231126321e+04   5.1203843206167e-02
-2.3234998293381e+04   5.1005426794291e-02
-2.3043765460441e+04   3.1790886074305e-02
-2.2852532627501e+04   -3.0404070392251e-02
-2.2661299794561e+04   4.0312632918358e-02
-2.2470066961621e+04   3.0821368098259e-02
-2.2278834128681e+04   8.3928098902106e-03
-2.2087601295741e+04   5.7200126349926e-02
-2.1896368462802e+04   1.8420996144414e-02
-2.1705135629862e+04   2.6376515626907e-02
-2.1513902796922e+04   -1.6176937147975e-02
-2.1322669963982e+04   4.4613365083933e-02
-2.1131437131042e+04   1.8470171838999e-02
-2.0940204298102e+04   3.2551202923059e-02
-2.0748971465162e+04   3.7668466567993e-02
-2.0557738632222e+04   -1.6410650685430e-02
-2.0366505799283e+04   2.2539084777236e-02
-2.0175272966343e+04   -4.6527949161828e-03
-1.9984040133403e+04   2.9372764751315e-02
-1.9792807300463e+04   2.1038286387920e-02
-1.9601574467523e+04   1.7971549183130e-02
-1.9410341634583e+04   -8.1468466669321e-03
-1.9219108801643e+04   1.1005615442991e-01
-1.9027875968703e+04   -2.7004096191376e-03
-1.8836643135764e+04   -4.9048662185669e-02
-1.8645410302824e+04   1.4005726203322e-02
-1.8454177469884e+04   2.2982291877270e-02
-1.8262944636944e+04   -3.3612098195590e-04
-1.8071711804004e+04   1.4626515097916e-02
-1.7880478971064e+04   -1.9528370350599e-02
-1.7689246138124e+04   -1.9543569535017e-02
-1.7498013305184e+04   4.9046296626329e-02
-1.7306780472245e+04   5.6975044310093e-02
-1.7115547639305e+04   9.1017168015242e-03
-1.6924314806365e+04   -4.9327749758959e-02
-1.6733081973425e+04   4.1135095059872e-02
-1.6541849140485e+04   5.6685665622354e-03
-1.6350616307545e+04   -1.3102235272527e-02
-1.6159383474605e+04   -4.3914541602135e-03
-1.5968150641665e+04   2.7601294219494e-02
-1.5776917808726e+04   1.9977910444140e-02
-1.5585684975786e+04   -3.0137371271849e-02
-1.5394452142846e+04   2.1954594179988e-02
-1.5203219309906e+04   4.4768709689379e-02
-1.5011986476966e+04   -6.6872954368591e-02
-1.4820753644026e+04   2.7359237894416e-02
-1.4629520811086e+04   1.5705551952124e-02
-1.4438287978146e+04   3.3037640154362e-02
-1.4247055145207e+04   3.1053001061082e-02
-1.4055822312267e+04   2.8534219600260e-03
-1.3864589479327e+04   -1.9681325182319e-02
-1.3673356646387e+04   -1.0862767696381e-02
-1.3482123813447e+04   2.7425508946180e-02
-1.3290890980507e+04   7.3713816702366e-02
-1.3099658147567e+04   -2.2274220362306e-02
-1.2908425314627e+04   -3.1122714281082e-02
-1.2717192481688e+04   -2.1943468600512e-02
-1.2525959648748e+04   2.7407169342041e-02
-1.2334726815808e+04   4.2821291834116e-02
-1.2143493982868e+04   -8.7856082245708e-05
-1.1952261149928e+04   -7.7013643458486e-03
-1.1761028316988e+04   6.8516978062689e-03
-1.1569795484048e+04   1.0281727463007e-01
-1.1378562651108e+04   2.3398544639349e-02
-1.1187329818169e+04   1.0002266615629e-02
-1.0996096985229e+04   -3.9303068071604e-02
-1.0804864152289e+04   -8.1269741058350e-03
-1.0613631319349e+04   5.1874671131372e-02
-1.0422398486409e+04   1.7435858026147e-02
-1.0231165653469e+04   8.6052604019642e-03
-1.0039932820529e+04   -1.2317736633122e-02
-9.8486999875894e+03   2.5866720825434e-02
-9.6574671546495e+03   2.6739168912172e-02
-9.4662343217096e+03   8.4135513752699e-03
-9.2750014887697e+03   5.6752259843051e-03
-9.0837686558299e+03   1.0209967941046e-01
-8.8925358228900e+03   1.2023272924125e-02
-8.7013029899501e+03   -2.8765665367246e-02
-8.5100701570102e+03   2.2474501747638e-03
-8.3188373240704e+03   3.1254652887583e-02
-8.1276044911305e+03   -3.1362331937999e-03
-7.9363716581906e+03   1.1895040050149e-02
-7.7451388252507e+03   1.0171554982662e-02
-7.5539059923108e+03   2.6768581941724e-02
-7.3626731593710e+03   -1.9702950492501e-02
-7.1714403264311e+03   3.7172299344093e-03
-6.9802074934912e+03   2.7882721275091e-02
-6.7889746605513e+03   -5.3766503930092e-02
-6.5977418276115e+03   -2.6556894183159e-02
-6.4065089946716e+03   -1.7513383179903e-02
-6.2152761617317e+03   3.3391512930393e-02
-6.0240433287918e+03   -1.5623371582478e-03
-5.8328104958519e+03   2.1619303151965e-02
-5.6415776629121e+03   -2.0989824552089e-03
-5.4503448299722e+03   5.9322579763830e-03
-5.2591119970323e+03   2.9181813821197e-02
-5.0678791640924e+03   -1.2924672104418e-02
-4.8766463311526e+03   -1.1563097126782e-02
-4.6854134982127e+03   4.4289089739323e-02
-4.4941806652728e+03   1.8846951425076e-02
-4.3029478323329e+03   1.0274217464030e-02
-4.1117149993931e+03   6.7386105656624e-02
-3.9204821664532e+03   -2.5520853698254e-02
-3.7292493335133e+03   -1.7925813794136e-02
-3.5380165005734e+03   4.3242774903774e-02
-3.3467836676335e+03   -3.4184135496616e-02
-3.1555508346937e+03   9.5454091206193e-03
-2.9643180017538e+03   5.9861943125725e-02
-2.7730851688139e+03   2.8325583785772e-02
-2.5818523358740e+03   -3.4911960363388e-02
-2.3906195029342e+03   -3.3193579874933e-03
-2.1993866699943e+03   2.7354760095477e-02
-2.0081538370544e+03   5.3460270166397e-02
-1.8169210041145e+03   -4.8687163507566e-04
-1.6256881711747e+03   -2.8058508411050e-02
-1.4344553382348e+03   3.1933676451445e-02
-1.2432225052949e+03   1.6825189813972e-02
-1.0519896723550e+03   1.4393039047718e-02
-8.6075683941515e+02   -2.9099073261023e-02
-6.6952400647527e+02   -3.2929949462414e-02
-4.7829117353539e+02   6.8364500999451e-02
-2.8705834059551e+02   8.1399679183960e-02
-9.5825507655638e+01   4.9747891724110e-02
9.5407325284235e+01    6.7214041948318e-02
2.8664015822412e+02    3.7004992365837e-02
4.7787299116400e+02    -1.4382043853402e-02
6.6910582410387e+02    3.7941291928291e-02
8.6033865704374e+02    8.8986061513424e-02
1.0515714899836e+03    6.6232867538929e-02
1.2428043229235e+03    -5.3190179169178e-03
1.4340371558634e+03    4.5929285697639e-03
1.6252699888033e+03    9.5603903755546e-03
1.8165028217431e+03    6.6185571253300e-02
2.0077356546830e+03    5.3381966426969e-03
2.1989684876229e+03    3.4639071673155e-02
2.3902013205628e+03    -7.9292960464954e-02
2.5814341535026e+03    4.6994306147099e-02
2.7726669864425e+03    -2.5287497788668e-02
2.9638998193824e+03    6.6604651510715e-02
3.1551326523223e+03    -5.3145973943174e-03
3.3463654852621e+03    -8.2801403477788e-03
3.5375983182020e+03    -1.0618616826832e-02
3.7288311511419e+03    4.2815841734409e-02
3.9200639840818e+03    -1.7095638439059e-02
4.1112968170217e+03    1.9804649055004e-03
4.3025296499615e+03    -4.6472292393446e-02
4.4937624829014e+03    3.7801776081324e-02
4.6849953158413e+03    -7.1134515106678e-02
4.8762281487812e+03    1.4050330035388e-02
5.0674609817210e+03    4.4735178351402e-02
5.2586938146609e+03    7.2467918507755e-03
5.4499266476008e+03    1.2455603107810e-02
5.6411594805407e+03    1.6583884134889e-02
5.8323923134806e+03    2.9670450836420e-02
6.0236251464204e+03    -2.4443106725812e-02
6.2148579793603e+03    -5.5602125823498e-02
6.4060908123002e+03    -1.9613890908659e-03
6.5973236452401e+03    2.1020095795393e-02
6.7885564781799e+03    1.8747388385236e-03
6.9797893111198e+03    3.0246935784817e-03
7.1710221440597e+03    -1.2109318748116e-02
7.3622549769996e+03    4.8343740403652e-02
7.5534878099394e+03    5.9376407414675e-02
7.7447206428793e+03    7.7049108222127e-03
7.9359534758192e+03    2.2598093375564e-02
8.1271863087591e+03    -3.8791328668594e-02
8.3184191416989e+03    1.0599497705698e-02
8.5096519746388e+03    1.0887120850384e-02
8.7008848075787e+03    2.0758187398314e-02
8.8921176405186e+03    -1.9404647871852e-02
9.0833504734585e+03    4.9707297235727e-02
9.2745833063983e+03    9.7927689552307e-02
9.4658161393382e+03    -1.1004006490111e-02
9.6570489722781e+03    -7.2092409245670e-03
9.8482818052180e+03    1.2567959725857e-02
1.0039514638158e+04    2.4026913568377e-02
1.0230747471098e+04    -1.4069607714191e-03
1.0421980304038e+04    1.0031118988991e-02
1.0613213136977e+04    5.3215630352497e-02
1.0804445969917e+04    -6.1051394790411e-02
1.0995678802857e+04    7.8113428317010e-03
1.1186911635797e+04    -4.8526950180531e-02
1.1378144468737e+04    3.5613335669041e-02
1.1569377301677e+04    1.7993405461311e-02
1.1760610134617e+04    3.2414138317108e-02
1.1951842967557e+04    5.0231651403010e-03
1.2143075800496e+04    4.5220728963614e-02
1.2334308633436e+04    7.9189246753231e-04
1.2525541466376e+04    4.1108425706625e-02
1.2716774299316e+04    1.8477758392692e-02
1.2908007132256e+04    1.0789697617292e-01
1.3099239965196e+04    4.3507236987352e-03
1.3290472798136e+04    -2.8726896271110e-02
1.3481705631076e+04    7.2853483259678e-02
1.3672938464016e+04    1.0560364462435e-02
1.3864171296955e+04    -5.4159401915967e-03
1.4055404129895e+04    -1.6162589192390e-02
1.4246636962835e+04    2.0060741808265e-03
1.4437869795775e+04    7.6008945703506e-02
1.4629102628715e+04    2.2346049547195e-02
1.4820335461655e+04    1.8647516146302e-02
1.5011568294595e+04    1.7530152574182e-02
1.5202801127535e+04    -1.4599795453250e-02
1.5394033960474e+04    2.1821614354849e-02
1.5585266793414e+04    1.6104029491544e-02
1.5776499626354e+04    -6.8808123469353e-03
1.5967732459294e+04    -6.8295650184155e-02
1.6158965292234e+04    3.3700045198202e-02
1.6350198125174e+04    -3.2067812979221e-02
1.6541430958114e+04    2.1954955533147e-02
1.6732663791054e+04    4.5239966362715e-02
1.6923896623993e+04    4.2910698801279e-02
1.7115129456933e+04    -1.2953407131135e-02
1.7306362289873e+04    6.3315089792013e-03
1.7497595122813e+04    -1.3353156857193e-02
1.7688827955753e+04    -1.4629486016929e-02
1.7880060788693e+04    -2.9989223927259e-02
1.8071293621633e+04    1.5824345871806e-02
1.8262526454573e+04    -7.4289850890636e-03
1.8453759287512e+04    -1.5777719672769e-03
1.8644992120452e+04    7.3775991797447e-02
1.8836224953392e+04    -2.9103262349963e-02
1.9027457786332e+04    -2.7652891352773e-02
1.9218690619272e+04    1.4705276116729e-02
1.9409923452212e+04    5.2885264158249e-03
1.9601156285152e+04    3.3505976200104e-02
1.9792389118092e+04    1.5462487936020e-02
1.9983621951031e+04    9.2188538983464e-03
2.0174854783971e+04    -4.0809180587530e-02
2.0366087616911e+04    -3.1082532368600e-03
2.0557320449851e+04    1.8060620874166e-02
2.0748553282791e+04    -2.4327063001692e-03
2.0939786115731e+04    2.4535022675991e-03
2.1131018948671e+04    1.6082815825939e-02
2.1322251781611e+04    -5.1487855613232e-02
2.1513484614550e+04    -3.5527724772692e-02
2.1704717447490e+04    -1.4325395226479e-02
2.1895950280430e+04    -7.2626188397408e-02
2.2087183113370e+04    -4.5694336295128e-02
2.2278415946310e+04    -6.2091972678900e-02
2.2469648779250e+04    -3.0599372461438e-02
2.2660881612190e+04    6.0090221464634e-02
2.2852114445130e+04    -2.9236525297165e-02
2.3043347278069e+04    1.0410350747406e-02
2.3234580111009e+04    -2.6370313018560e-02
2.3425812943949e+04    2.9379883781075e-02
2.3617045776889e+04    -3.9166107773781e-02
2.3808278609829e+04    -6.0560088604689e-02
2.3999511442769e+04    6.2723592855036e-03
2.4190744275709e+04    2.8246775269508e-02
2.4381977108649e+04    -4.2511127889156e-02
2.4573209941588e+04    -1.1810616590083e-02
2.4764442774528e+04    -2.2111603990197e-02
2.4955675607468e+04    1.5414403751493e-02
2.5146908440408e+04    2.2537855431437e-02
2.5338141273348e+04    -5.1075052469969e-03
2.5529374106288e+04    1.6343574970961e-02
2.5720606939228e+04    -7.8124776482582e-03
2.5911839772168e+04    -1.5921959653497e-02
2.6103072605108e+04    2.4547986686230e-02
2.6294305438047e+04    -2.3874301463366e-02
2.6485538270987e+04    -3.7676572799683e-02
2.6676771103927e+04    8.1197358667850e-03
2.6868003936867e+04    -2.1850017830729e-02
2.7059236769807e+04    3.3357981592417e-02
2.7250469602747e+04    3.7526663392782e-02
2.7441702435687e+04    3.9417222142220e-03
2.7632935268627e+04    -5.5227026343346e-02
2.7824168101566e+04    -2.1002467721701e-02
2.8015400934506e+04    2.9041310772300e-02
2.8206633767446e+04    4.7549933195114e-02
2.8397866600386e+04    5.4166898131371e-02
2.8589099433326e+04    -2.5327162817121e-02
2.8780332266266e+04    5.1762554794550e-02
2.8971565099206e+04    -2.5541968643665e-02
2.9162797932146e+04    4.8485424369574e-02
2.9354030765085e+04    1.3541852124035e-02
2.9545263598025e+04    4.0977813303471e-02
2.9736496430965e+04    5.2448604255915e-03
2.9927729263905e+04    6.4705453813076e-02
3.0118962096845e+04    2.6645330712199e-02
3.0310194929785e+04    -4.4490423053503e-02
3.0501427762725e+04    2.2857192903757e-02
3.0692660595665e+04    -3.7599183619022e-02
3.0883893428604e+04    6.6654130816460e-02
3.1075126261544e+04    5.9876958839595e-03
3.1266359094484e+04    -3.1158946454525e-02
3.1457591927424e+04    -3.4137442708015e-02
3.1648824760364e+04    -3.4211959689856e-02
3.1840057593304e+04    -3.4870330244303e-02
3.2031290426244e+04    -7.2755262255669e-02
3.2222523259184e+04    -4.1336786001921e-02
3.2413756092123e+04    -1.6982274129987e-02
3.2604988925063e+04    2.9868056997657e-02
3.2796221758003e+04    -4.9996748566628e-02
3.2987454590943e+04    1.4364833477885e-03
3.3178687423883e+04    4.2411405593157e-02
3.3369920256823e+04    -2.4214453995228e-02
3.3561153089763e+04    1.1626305058599e-02
3.3752385922703e+04    4.7486438415945e-03
3.3943618755642e+04    2.8345646336675e-02
3.4134851588582e+04    3.8185082376003e-02
3.4326084421522e+04    7.6811745762825e-02
3.4517317254462e+04    -5.6931890547276e-02
3.4708550087402e+04    -3.3988356590271e-02
3.4899782920342e+04    -7.7500261366367e-02
3.5091015753282e+04    -9.3988503795117e-04
3.5282248586222e+04    -1.7341360449791e-02
3.5473481419161e+04    2.6293747127056e-02
3.5664714252101e+04    4.4569340534508e-03
3.5855947085041e+04    4.6807020902634e-02
3.6047179917981e+04    -2.1789284422994e-02
3.6238412750921e+04    2.5528503581882e-02
3.6429645583861e+04    6.5979108214378e-02
3.6620878416801e+04    6.2699608504772e-02
3.6812111249741e+04    -1.5946457162499e-02
3.7003344082680e+04    -1.0758655145764e-02
3.7194576915620e+04    3.9771039038897e-02
3.7385809748560e+04    1.7727158963680e-02
3.7577042581500e+04    -8.6162267252803e-03
3.7768275414440e+04    -2.1956352517009e-02
3.7959508247380e+04    -9.1811986640096e-03
3.8150741080320e+04    1.8774842843413e-02
3.8341973913260e+04    1.7779245972633e-02
3.8533206746200e+04    2.8280666097999e-02
3.8724439579139e+04    -3.4767560660839e-02
3.8915672412079e+04    -2.7183709666133e-02
3.9106905245019e+04    -1.1341311968863e-02
3.9298138077959e+04    5.1763006485999e-03
3.9489370910899e+04    7.6415291987360e-03
3.9680603743839e+04    5.3285867907107e-03
3.9871836576779e+04    -3.5212378948927e-02
4.0063069409719e+04    1.5397144481540e-02
4.0254302242658e+04    -3.1827569007874e-02
4.0445535075598e+04    -1.7998412251472e-02
4.0636767908538e+04    -4.4966056942940e-02
4.0828000741478e+04    -1.4992003329098e-02
4.1019233574418e+04    4.6157944016159e-03
4.1210466407358e+04    5.2974406629801e-02
4.1401699240298e+04    8.8761077495292e-04
4.1592932073238e+04    -2.1112669259310e-02
4.1784164906177e+04    5.1418066024780e-02
4.1975397739117e+04    3.3645104616880e-02
4.2166630572057e+04    -2.1658578887582e-02
4.2357863404997e+04    2.7406271547079e-02
4.2549096237937e+04    5.6428708136082e-02
4.2740329070877e+04    2.2752339020371e-02
4.2931561903817e+04    -1.1928722262383e-02
4.3122794736757e+04    5.2270453423262e-02
4.3314027569696e+04    -6.4242468215525e-03
4.3505260402636e+04    -7.8758513554931e-03
4.3696493235576e+04    4.1488381102681e-03
4.3887726068516e+04    1.4818334020674e-02
4.4078958901456e+04    1.1206426657736e-02
4.4270191734396e+04    2.0239436998963e-02
4.4461424567336e+04    2.6764862239361e-02
4.4652657400276e+04    -2.9014872387052e-02
4.4843890233215e+04    -1.5948824584484e-02
4.5035123066155e+04    -9.5126749947667e-03
4.5226355899095e+04    4.3109659105539e-02
4.5417588732035e+04    -3.7198275327682e-02
4.5608821564975e+04    2.8027344495058e-02
4.5800054397915e+04    3.5115048289299e-02
4.5991287230855e+04    1.0404318571091e-02
4.6182520063795e+04    1.0135829215869e-03
4.6373752896734e+04    5.2560761570930e-02
4.6564985729674e+04    -2.0702427718788e-03
4.6756218562614e+04    -1.0041940957308e-02
4.6947451395554e+04    -1.9764093682170e-02
4.7138684228494e+04    -1.7953157424927e-02
4.7329917061434e+04    -4.5646820217371e-02
4.7521149894374e+04    -3.2379262149334e-02
4.7712382727314e+04    -1.0186987929046e-02
4.7903615560253e+04    3.3874873071909e-02
4.8094848393193e+04    -3.7701718509197e-02
4.8286081226133e+04    -2.9726374894381e-02
4.8477314059073e+04    -2.4702114984393e-02
4.8668546892013e+04    -5.5102463811636e-03
4.8859779724953e+04    1.0083339177072e-02
4.9051012557893e+04    -3.7626285105944e-02
4.9242245390833e+04    5.3343959152699e-02
4.9433478223773e+04    1.5839254483581e-02
4.9624711056712e+04    1.9647215958685e-03
4.9815943889652e+04    5.3821679204702e-02
5.0007176722592e+04    -4.6585455536842e-02
5.0198409555532e+04    -4.2625118046999e-02
5.0389642388472e+04    -5.5183984339237e-02
5.0580875221412e+04    4.6443836763501e-03
5.0772108054352e+04    -5.5228762328625e-02
5.0963340887292e+04    1.4556364156306e-02
5.1154573720231e+04    -1.5772307291627e-02
5.1345806553171e+04    1.4791775494814e-02
5.1537039386111e+04    1.2853727675974e-03
5.1728272219051e+04    2.5334250181913e-02
5.1919505051991e+04    -4.0074639022350e-02
5.2110737884931e+04    3.1511448323727e-02
5.2301970717871e+04    9.6741104498506e-03
5.2493203550811e+04    -2.0388938486576e-02
5.2684436383750e+04    -2.6710169389844e-02
5.2875669216690e+04    1.6725597903132e-02
5.3066902049630e+04    2.0074702799320e-02
5.3258134882570e+04    1.2995575089008e-03
5.3449367715510e+04    3.7282414734364e-02
5.3640600548450e+04    -4.6196609735489e-02
5.3831833381390e+04    1.9976282492280e-03
5.4023066214330e+04    -5.7968292385340e-02
5.4214299047269e+04    -3.5991139709949e-02
5.4405531880209e+04    7.1899123489857e-02
5.4596764713149e+04    1.1360981501639e-02
5.4787997546089e+04    1.5469605103135e-02
5.4979230379029e+04    -1.0190648026764e-02
5.5170463211969e+04    6.3828895799816e-03
5.5361696044909e+04    2.4750655516982e-02
5.5552928877849e+04    -6.3724070787430e-03
5.5744161710788e+04    4.0226366370916e-02
5.5935394543728e+04    -4.6565357595682e-02
5.6126627376668e+04    -5.1166284829378e-02
5.6317860209608e+04    5.3739592432976e-02
5.6509093042548e+04    5.7231988757849e-02
5.6700325875488e+04    1.2308941222727e-02
5.6891558708428e+04    1.6091618686914e-02
5.7082791541368e+04    3.7944570183754e-02
5.7274024374307e+04    1.8063021823764e-02
5.7465257207247e+04    6.9763180799782e-03
5.7656490040187e+04    2.1821836009622e-02
5.7847722873127e+04    9.4488477334380e-03
5.8038955706067e+04    4.1987940669060e-02
5.8230188539007e+04    -6.4922119490802e-03
5.8421421371947e+04    -5.8052223175764e-02
5.8612654204887e+04    4.6239554882050e-02
5.8803887037826e+04    4.0436908602715e-02
5.8995119870766e+04    4.0412601083517e-02
5.9186352703706e+04    -3.8512255996466e-02
5.9377585536646e+04    -1.3995168730617e-02
5.9568818369586e+04    4.8043675720692e-02
5.9760051202526e+04    -5.5625550448895e-03
5.9951284035466e+04    7.0420014671981e-03
6.0142516868406e+04    3.6140818148851e-02
6.0333749701345e+04    -4.8703765496612e-03
6.0524982534285e+04    2.9282543808222e-02
6.0716215367225e+04    -9.2219207435846e-03
6.0907448200165e+04    -5.7397946715355e-02
6.1098681033105e+04    -2.4381699040532e-02
6.1289913866045e+04    -4.2760907672346e-03
6.1481146698985e+04    1.5992393717170e-02
6.1672379531925e+04    -5.3827660158277e-03
6.1863612364865e+04    -5.8701232075691e-02
6.2054845197804e+04    7.0448994636536e-02
6.2246078030744e+04    2.5785449892282e-02
6.2437310863684e+04    -1.2348866090178e-02
6.2628543696624e+04    1.1557797901332e-02
6.2819776529564e+04    1.0120539925992e-02
6.3011009362504e+04    -1.1588420718908e-02
6.3202242195444e+04    2.0528100430965e-02
6.3393475028384e+04    -3.1580708920956e-02
6.3584707861323e+04    -3.6361247301102e-02
6.3775940694263e+04    -1.9214514642954e-02
6.3967173527203e+04    1.9413210451603e-02
6.4158406360143e+04    4.7474157065153e-02
6.4349639193083e+04    -1.5019692946225e-03
6.4540872026023e+04    -5.9303973102942e-04
6.4732104858963e+04    -5.3675096482038e-02
6.4923337691903e+04    6.7142327316105e-04
6.5114570524842e+04    -2.5210601743311e-03
6.5305803357782e+04    1.2735699303448e-02
6.5497036190722e+04    -3.9750415831804e-02
6.5688269023662e+04    3.9044294506311e-02
6.5879501856602e+04    1.3395941816270e-02
6.6070734689542e+04    -1.1824274435639e-02
6.6261967522482e+04    1.4346055686474e-02
6.6453200355422e+04    -3.2417956739664e-02
6.6644433188361e+04    -4.4628340750933e-02
6.6835666021301e+04    -2.5674285367131e-02
6.7026898854241e+04    -2.4740563705564e-02
6.7218131687181e+04    2.3183111101389e-02
6.7409364520121e+04    -2.9696255922318e-02
6.7600597353061e+04    2.7972955256701e-02
6.7791830186001e+04    -3.6385565996170e-02
6.7983063018941e+04    3.1486440449953e-02
6.8174295851880e+04    -5.7493530213833e-02
6.8365528684820e+04    2.0241910591722e-02
6.8556761517760e+04    1.4752166345716e-02
6.8747994350700e+04    4.4975541532040e-02
6.8939227183640e+04    4.5071344822645e-02
6.9130460016580e+04    4.1082005947828e-02
6.9321692849520e+04    -1.2181314639747e-02
6.9512925682460e+04    -8.4773655980825e-03
6.9704158515399e+04    2.3112159222364e-02
6.9895391348339e+04    2.4976557120681e-02
7.0086624181279e+04    3.4762792289257e-02
7.0277857014219e+04    -5.0783008337021e-03
7.0469089847159e+04    -8.2921739667654e-03
7.0660322680099e+04    1.8435742706060e-02
7.0851555513039e+04    -1.4999757520854e-02
7.1042788345979e+04    -6.6384952515364e-03
7.1234021178918e+04    -7.2557236999273e-03
7.1425254011858e+04    -9.4779478386045e-03
7.1616486844798e+04    -7.5010180473328e-02
7.1807719677738e+04    -6.5500468015671e-02
7.1998952510678e+04    -1.8777530640364e-02
7.2190185343618e+04    -2.2449746727943e-02
7.2381418176558e+04    4.8174019902945e-02
7.2572651009498e+04    -1.1963532306254e-02
7.2763883842437e+04    7.7226414578035e-04
7.2955116675377e+04    -4.0505267679691e-03
7.3146349508317e+04    -4.9211181700230e-02
7.3337582341257e+04    -2.3743044584990e-02
7.3528815174197e+04    2.2276336327195e-02
7.3720048007137e+04    -3.7258680909872e-02
7.3911280840077e+04    8.0803923308849e-02
7.4102513673017e+04    6.4076788723469e-02
7.4293746505957e+04    1.4062981121242e-02
7.4484979338896e+04    -1.2264694087207e-02
7.4676212171836e+04    4.0567233227193e-03
7.4867445004776e+04    -1.5697471797466e-02
7.5058677837716e+04    4.1609745472670e-02
7.5249910670656e+04    1.5700893476605e-02
7.5441143503596e+04    3.1538598239422e-02
7.5632376336536e+04    -3.2402384094894e-03
7.5823609169476e+04    -6.5180554986000e-02
7.6014842002415e+04    -4.1789121925831e-02
7.6206074835355e+04    3.0999127775431e-02
7.6397307668295e+04    -8.4696793928742e-03
7.6588540501235e+04    1.2422304134816e-03
7.6779773334175e+04    -4.8912614583969e-02
7.6971006167115e+04    3.2988016027957e-04
7.7162239000055e+04    -9.9629545584321e-03
7.7353471832995e+04    2.4248672649264e-02
7.7544704665934e+04    2.1762687712908e-02
7.7735937498874e+04    -7.7793762087822e-02
7.7927170331814e+04    3.6818559747189e-03
7.8118403164754e+04    -2.0723041146994e-02
7.8309635997694e+04    -4.5879159122705e-02
7.8500868830634e+04    -5.3367963992059e-03
7.8692101663574e+04    2.2224077954888e-02
7.8883334496514e+04    6.4700050279498e-03
7.9074567329453e+04    -2.8860829770565e-03
7.9265800162393e+04    -7.2592333890498e-03
7.9457032995333e+04    -1.3940417207778e-02
7.9648265828273e+04    3.3143330365419e-02
7.9839498661213e+04    2.9438046738505e-02
8.0030731494153e+04    3.0940404161811e-02
8.0221964327093e+04    -5.5389273911715e-02
8.0413197160033e+04    -6.3306458294392e-02
8.0604429992972e+04    -3.5440158098936e-02
8.0795662825912e+04    -2.3726668208838e-02
8.0986895658852e+04    -1.8269374966621e-02
8.1178128491792e+04    4.0249221026897e-02
8.1369361324732e+04    -3.7804685533047e-02
8.1560594157672e+04    -1.2015901505947e-02
8.1751826990612e+04    3.3758580684662e-02
8.1943059823552e+04    7.9707928001881e-02
8.2134292656491e+04    7.0822410285473e-02
8.2325525489431e+04    2.5416979566216e-02
8.2516758322371e+04    -1.8804475665092e-02
8.2707991155311e+04    -2.9486427083611e-03
8.2899223988251e+04    2.3064780980349e-02
8.3090456821191e+04    2.5606215000153e-02
8.3281689654131e+04    7.7771767973900e-03
8.3472922487071e+04    5.0731520168483e-03
8.3664155320010e+04    1.6822613775730e-02
8.3855388152950e+04    -4.0003444999456e-02
8.4046620985890e+04    -6.3378468155861e-02
8.4237853818830e+04    4.4902651570737e-03
8.4429086651770e+04    7.1239345706999e-03
8.4620319484710e+04    -3.5774372518063e-03
8.4811552317650e+04    -2.0323563367128e-02
8.5002785150590e+04    -3.4323725849390e-02
8.5194017983529e+04    -2.3810872808099e-02
8.5385250816469e+04    -4.1060056537390e-02
8.5576483649409e+04    -3.0196145176888e-02
8.5767716482349e+04    3.2740928232670e-02
8.5958949315289e+04    -1.3280082494020e-02
8.6150182148229e+04    -3.0947988852859e-02
8.6341414981169e+04    -4.3237879872322e-02
8.6532647814109e+04    2.8984470292926e-02
8.6723880647048e+04    7.1759514510632e-02
8.6915113479988e+04    -7.7095687389374e-02
8.7106346312928e+04    -1.8664109520614e-03
8.7297579145868e+04    -4.5826774090528e-02
8.7488811978808e+04    -6.3429726287723e-04
8.7680044811748e+04    1.5467761084437e-02
8.7871277644688e+04    -1.7860230058432e-02
8.8062510477628e+04    -1.3166117481887e-02
8.8253743310568e+04    -6.2088992446661e-02
8.8444976143507e+04    2.9185948893428e-02
8.8636208976447e+04    -2.4432392790914e-02
8.8827441809387e+04    1.5132974833250e-02
8.9018674642327e+04    -1.6717165708542e-02
8.9209907475267e+04    1.5775518491864e-02
8.9401140308207e+04    2.0751031115651e-02
8.9592373141147e+04    -5.2205663174391e-02
8.9783605974087e+04    -3.3139105886221e-02
8.9974838807026e+04    -1.6192333772779e-02
9.0166071639966e+04    7.4390517547727e-03
9.0357304472906e+04    -1.7189295962453e-02
9.0548537305846e+04    6.7612737417221e-02
9.0739770138786e+04    8.8623883202672e-03
9.0931002971726e+04    4.9735773354769e-02
9.1122235804666e+04    2.1796196699142e-02
9.1313468637606e+04    4.5894205686636e-04
9.1504701470545e+04    -7.5689651072025e-02
9.1695934303485e+04    7.2224871255457e-03
9.1887167136425e+04    7.0422366261482e-02
9.2078399969365e+04    -2.1194631233811e-02
9.2269632802305e+04    -4.8708640038967e-02
9.2460865635245e+04    4.4121514074504e-03
9.2652098468185e+04    3.1197272241116e-02
9.2843331301125e+04    -1.3305927626789e-02
9.3034564134064e+04    -7.6030963100493e-03
9.3225796967004e+04    1.7133198678493e-02
9.3417029799944e+04    3.9549943059683e-02
9.3608262632884e+04    1.7695434391499e-02
9.3799495465824e+04    2.8196945786476e-02
9.3990728298764e+04    -3.7999216467142e-02
9.4181961131704e+04    8.9511675760150e-03
9.4373193964644e+04    2.7727939188480e-02
9.4564426797583e+04    -2.7619026601315e-02
9.4755659630523e+04    8.2066230475903e-02
9.4946892463463e+04    -1.5114651992917e-02
9.5138125296403e+04    4.7579631209373e-03
9.5329358129343e+04    -1.9619379192591e-02
9.5520590962283e+04    -2.5341015309095e-02
9.5711823795223e+04    -1.8208248540759e-02
9.5903056628163e+04    3.1932059209794e-03
9.6094289461102e+04    4.8279665410519e-02
9.6285522294042e+04    -3.9995353668928e-02
9.6476755126982e+04    1.5407327562571e-02
9.6667987959922e+04    3.7871446460485e-02
9.6859220792862e+04    3.4370238427073e-03
9.7050453625802e+04    2.6034174486995e-02
9.7241686458742e+04    3.5606846213341e-02
9.7432919291682e+04    -1.6833726316690e-02
9.7624152124621e+04    8.8892545318231e-04
9.7815384957561e+04    6.0645427554846e-02
9.8006617790501e+04    -2.1410291083157e-04
9.8197850623441e+04    2.0901991520077e-03
9.8389083456381e+04    1.5768360346556e-02
9.8580316289321e+04    3.6864884197712e-02
9.8771549122261e+04    -1.2487409636378e-02
9.8962781955201e+04    -4.1681874543428e-02
9.9154014788141e+04    1.2083658017218e-02
9.9345247621080e+04    7.1878833696246e-03
9.9536480454020e+04    -2.0416330546141e-02
9.9727713286960e+04    -5.3175520151854e-02
9.9918946119900e+04    -1.3792372308671e-02
1.0011017895284e+05    -2.8014572337270e-02
1.0030141178578e+05    -1.8211539834738e-02
1.0049264461872e+05    5.5021098814905e-03
1.0068387745166e+05    3.7999343127012e-02
1.0087511028460e+05    2.0596539601684e-02
1.0106634311754e+05    7.0054163224995e-03
1.0125757595048e+05    1.8019946292043e-02
1.0144880878342e+05    6.4540348947048e-02
1.0164004161636e+05    8.3263004198670e-03
1.0183127444930e+05    2.1136365830898e-03
1.0202250728224e+05    -6.3391122967005e-03
1.0221374011518e+05    -3.0160676687956e-02
1.0240497294812e+05    -4.4757213443518e-02
1.0259620578106e+05    4.6018581837416e-02
1.0278743861400e+05    -1.9498696550727e-02
1.0297867144694e+05    -8.3981957286596e-03
1.0316990427988e+05    1.7845189198852e-02
1.0336113711282e+05    4.1880100965500e-02
1.0355236994576e+05    -3.9177183061838e-03
1.0374360277870e+05    -1.1800497770309e-02
1.0393483561164e+05    9.5136895775795e-02
1.0412606844458e+05    -2.2997317835689e-02
1.0431730127752e+05    -1.6829017549753e-02
1.0450853411046e+05    -2.2877685725689e-02
1.0469976694340e+05    -4.6166170388460e-02
1.0489099977634e+05    -1.4179168269038e-02
1.0508223260928e+05    1.1487206444144e-02
1.0527346544222e+05    3.1300328671932e-02
1.0546469827516e+05    1.9237900152802e-02
1.0565593110810e+05    2.7480977587402e-03
1.0584716394104e+05    -1.0031525976956e-02
1.0603839677398e+05    -1.6047410666943e-02
1.0622962960692e+05    -2.8249386698008e-02
1.0642086243986e+05    -8.4868431091309e-02
1.0661209527280e+05    -5.9141428209841e-03
1.0680332810574e+05    -8.8135739788413e-03
1.0699456093868e+05    -1.8658665940166e-02
1.0718579377162e+05    -6.3708731904626e-03
1.0737702660456e+05    1.4738106401637e-03
1.0756825943750e+05    -6.1918098479509e-02
1.0775949227043e+05    -2.9941441491246e-02
1.0795072510337e+05    1.1396708898246e-02
1.0814195793631e+05    -3.4220561385155e-02
1.0833319076925e+05    5.0093427300453e-02
1.0852442360219e+05    2.9255770146847e-02
1.0871565643513e+05    -4.7996189445257e-02
1.0890688926807e+05    -1.9319236278534e-02
1.0909812210101e+05    -8.1378677859902e-03
1.0928935493395e+05    -4.8977620899677e-02
1.0948058776689e+05    -1.7336525022984e-02
1.0967182059983e+05    -6.6044949926436e-03
1.0986305343277e+05    -5.1164720207453e-02
1.1005428626571e+05    4.9375373870134e-02
1.1024551909865e+05    -6.0845468193293e-02
1.1043675193159e+05    1.8977684900165e-02
1.1062798476453e+05    -1.4583929441869e-02
1.1081921759747e+05    -7.8678093850613e-02
1.1101045043041e+05    2.5721939280629e-02
1.1120168326335e+05    3.5273592919111e-02
1.1139291609629e+05    -8.0886594951153e-03
1.1158414892923e+05    2.7931751683354e-02
1.1177538176217e+05    -5.6976536288857e-03
1.1196661459511e+05    6.9065089337528e-03
1.1215784742805e+05    -5.8355494402349e-03
1.1234908026099e+05    -9.2220287770033e-03
1.1254031309393e+05    4.6261005103588e-02
1.1273154592687e+05    3.1373731791973e-02
1.1292277875981e+05    -1.3615901581943e-02
1.1311401159275e+05    -1.4898177236319e-02
1.1330524442569e+05    9.4297099858522e-03
1.1349647725863e+05    2.0752208307385e-02
1.1368771009157e+05    -4.7164607793093e-02
1.1387894292451e+05    2.8826849535108e-02
1.1407017575745e+05    1.9646841101348e-03
1.1426140859039e+05    -1.2804595753551e-02
1.1445264142333e+05    -3.1533278524876e-02
1.1464387425627e+05    9.8112272098660e-03
1.1483510708921e+05    -4.2958624660969e-02
1.1502633992215e+05    -6.0217712074518e-02
1.1521757275509e+05    -4.7555174678564e-02
1.1540880558803e+05    -3.7006760248914e-04
1.1560003842097e+05    3.2492823898792e-02
1.1579127125391e+05    -6.0985680669546e-02
1.1598250408685e+05    4.2199935764074e-02
1.1617373691979e+05    1.7161853611469e-02
1.1636496975273e+05    -2.0310988649726e-02
1.1655620258567e+05    8.7759029120207e-03
1.1674743541861e+05    4.2334798723459e-02
1.1693866825155e+05    -4.9249539151788e-03
1.1712990108449e+05    4.0855880826712e-02
1.1732113391743e+05    -2.4618715047836e-02
1.1751236675037e+05    2.3538650944829e-02
1.1770359958331e+05    -1.2009195983410e-02
1.1789483241625e+05    3.0627254396677e-02
1.1808606524919e+05    3.3134929835796e-02
1.1827729808213e+05    2.4751357734203e-02
1.1846853091507e+05    -4.4419899582863e-02
1.1865976374801e+05    -1.5430410392582e-02
1.1885099658095e+05    8.7609447538853e-02
1.1904222941389e+05    -3.8726776838303e-02
1.1923346224683e+05    -2.8687024489045e-02
1.1942469507977e+05    7.2972327470779e-02
1.1961592791271e+05    -2.0883033052087e-02
1.1980716074565e+05    8.4855314344168e-04
1.1999839357859e+05    -4.0019210427999e-02
1.2018962641153e+05    1.9707126542926e-02
1.2038085924447e+05    6.0880994424224e-03
1.2057209207741e+05    -3.2995577901602e-02
1.2076332491035e+05    -3.5316161811352e-02
1.2095455774329e+05    7.5950771570206e-02
1.2114579057623e+05    1.2317980639637e-02
1.2133702340917e+05    -1.1777634732425e-02
1.2152825624211e+05    3.8485154509544e-02
1.2171948907505e+05    3.3945813775063e-02
1.2191072190799e+05    -2.7063839137554e-02
1.2210195474093e+05    -2.7780076488853e-02
1.2229318757387e+05    1.2357390485704e-02
1.2248442040681e+05    3.1170628964901e-02
1.2267565323975e+05    5.7154666632414e-02
1.2286688607269e+05    -6.3391819596291e-02
1.2305811890563e+05    -4.0422745049000e-02
1.2324935173857e+05    -2.2948103025556e-02
1.2344058457150e+05    -4.5399474911392e-03
1.2363181740444e+05    -6.4270538277924e-03
1.2382305023738e+05    -1.0154725983739e-02
1.2401428307032e+05    1.5821142122149e-02
1.2420551590326e+05    -2.9526853933930e-02
1.2439674873620e+05    -1.8932119011879e-02
1.2458798156914e+05    -7.7628679573536e-02
1.2477921440208e+05    1.2250219471753e-02
1.2497044723502e+05    -3.3573273103684e-03
1.2516168006796e+05    2.7093380689621e-02
1.2535291290090e+05    2.4892536923289e-02
1.2554414573384e+05    5.1647401414812e-03
1.2573537856678e+05    -5.1953567890450e-04
1.2592661139972e+05    1.4550292864442e-02
1.2611784423266e+05    3.4195616841316e-02
1.2630907706560e+05    -4.3821983039379e-02
1.2650030989854e+05    -5.3418550640345e-02
1.2669154273148e+05    -5.2819307893515e-02
1.2688277556442e+05    -2.7343733236194e-02
1.2707400839736e+05    -1.2432773364708e-03
1.2726524123030e+05    -1.2350572273135e-02
1.2745647406324e+05    7.6117562130094e-03
1.2764770689618e+05    3.8841996341944e-02
1.2783893972912e+05    2.6384633383714e-04
1.2803017256206e+05    3.0503630638123e-02
1.2822140539500e+05    2.6871465146542e-02
1.2841263822794e+05    1.0501753538847e-02
1.2860387106088e+05    -1.2935846112669e-02
1.2879510389382e+05    -3.6332257091999e-02
1.2898633672676e+05    3.6575816571712e-02
1.2917756955970e+05    -6.0223560780287e-02
1.2936880239264e+05    4.8390090465546e-02
1.2956003522558e+05    3.6671623587608e-02
1.2975126805852e+05    4.4011762365699e-03
1.2994250089146e+05    -1.2339488416910e-01
1.3013373372440e+05    2.8146339580417e-02
1.3032496655734e+05    6.3348852097988e-02
1.3051619939028e+05    1.0890402831137e-02
1.3070743222322e+05    -3.8332376629114e-02
1.3089866505616e+05    5.9604294598103e-02
1.3108989788910e+05    1.3969947583973e-02
1.3128113072204e+05    -1.5612481161952e-02
1.3147236355498e+05    2.0186251029372e-02
1.3166359638792e+05    -2.2611998021603e-02
1.3185482922086e+05    -2.1745888516307e-03
1.3204606205380e+05    9.1542853042483e-03
1.3223729488674e+05    -3.4156743437052e-02
1.3242852771968e+05    4.7616295516491e-02
1.3261976055262e+05    3.5484056919813e-02
1.3281099338556e+05    -2.8889877721667e-03
1.3300222621850e+05    3.8250081706792e-03
1.3319345905144e+05    -1.2975469231606e-02
1.3338469188438e+05    -2.7273669838905e-02
1.3357592471732e+05    2.8000522404909e-02
1.3376715755026e+05    2.6819391176105e-02
1.3395839038320e+05    -3.0375709757209e-02
1.3414962321614e+05    1.3844301924109e-02
1.3434085604908e+05    3.0250329524279e-02
1.3453208888202e+05    -7.7764131128788e-03
1.3472332171496e+05    2.4685994139872e-04
1.3491455454790e+05    9.9632507190108e-03
1.3510578738084e+05    4.2123220860958e-02
1.3529702021378e+05    7.6254713349044e-03
1.3548825304672e+05    4.2820297181606e-02
1.3567948587966e+05    2.1535293199122e-03
1.3587071871260e+05    1.8185872584581e-02
1.3606195154554e+05    -2.9862408991903e-03
1.3625318437848e+05    2.7923643938266e-04
1.3644441721142e+05    -1.5549599193037e-02
1.3663565004436e+05    -6.1953756958246e-03
1.3682688287730e+05    6.5166242420673e-02
1.3701811571024e+05    4.9811542034149e-02
1.3720934854318e+05    -6.7193828523159e-02
1.3740058137612e+05    4.1636172682047e-03
1.3759181420906e+05    8.8416796643287e-04
1.3778304704200e+05    1.2395090423524e-02
1.3797427987494e+05    1.1397162452340e-02
1.3816551270788e+05    1.5928592532873e-02
1.3835674554082e+05    -2.0475992932916e-02
1.3854797837376e+05    -3.8293790072203e-02
1.3873921120670e+05    3.0355138704181e-02
1.3893044403963e+05    -2.8971353545785e-02
1.3912167687257e+05    5.1396384835243e-02
1.3931290970551e+05    -9.2587288236246e-04
1.3950414253845e+05    6.0983579605818e-03
1.3969537537139e+05    8.6117856204510e-02
1.3988660820433e+05    5.7797413319349e-02
1.4007784103727e+05    2.7589345350862e-02
1.4026907387021e+05    -1.4215284027159e-02
1.4046030670315e+05    5.6745171546936e-02
1.4065153953609e+05    2.1462416276336e-02
1.4084277236903e+05    6.9891974329948e-02
1.4103400520197e+05    -6.5419368445873e-02
1.4122523803491e+05    2.7182763442397e-03
1.4141647086785e+05    -1.0937108658254e-02
1.4160770370079e+05    -3.6250133067369e-02
1.4179893653373e+05    -6.6295117139816e-02
1.4199016936667e+05    -5.6901283562183e-02
1.4218140219961e+05    -5.4695263504982e-02
1.4237263503255e+05    -7.2580710053444e-02
1.4256386786549e+05    3.2184548676014e-02
1.4275510069843e+05    1.8061451613903e-02
1.4294633353137e+05    6.2270062044263e-03
1.4313756636431e+05    -1.4188475906849e-02
1.4332879919725e+05    -2.0685771480203e-02
1.4352003203019e+05    9.9698500707746e-03
1.4371126486313e+05    -1.3404089258984e-03
1.4390249769607e+05    1.8799455836415e-02
1.4409373052901e+05    6.6343247890472e-02
1.4428496336195e+05    -5.6761547923088e-02
1.4447619619489e+05    3.2957896590233e-02
1.4466742902783e+05    -8.5586486384273e-03
1.4485866186077e+05    -4.3298110365868e-02
1.4504989469371e+05    7.0879594422877e-03
1.4524112752665e+05    4.4634398072958e-02
1.4543236035959e+05    1.1789496988058e-02
1.4562359319253e+05    -1.3494618237019e-02
1.4581482602547e+05    -3.5785097628832e-02
1.4600605885841e+05    -2.7587356045842e-02
1.4619729169135e+05    -6.6097773611546e-02
1.4638852452429e+05    -3.5689026117325e-02
1.4657975735723e+05    6.5282389521599e-02
1.4677099019017e+05    3.8580074906349e-02
1.4696222302311e+05    -3.5797629505396e-02
1.4715345585605e+05    2.8984470292926e-02
1.4734468868899e+05    4.5152693986893e-02
1.4753592152193e+05    6.8637885153294e-02
1.4772715435487e+05    -3.0331389978528e-02
1.4791838718781e+05    8.2891108468175e-04
1.4810962002075e+05    3.0036823824048e-02
1.4830085285369e+05    -6.3313439488411e-02
1.4849208568663e+05    1.8311895430088e-02
1.4868331851957e+05    3.3765897154808e-02
1.4887455135251e+05    -4.7445032745600e-02
1.4906578418545e+05    -2.2892564535141e-02
1.4925701701839e+05    2.1409980952740e-02
1.4944824985133e+05    5.8074887841940e-02
1.4963948268427e+05    -4.3037787079811e-02
1.4983071551721e+05    -6.7649990320206e-02
1.5002194835015e+05    6.7936624400318e-03
1.5021318118309e+05    -2.1065058186650e-02
1.5040441401603e+05    -2.8733298182487e-02
1.5059564684897e+05    4.1419072076678e-03
1.5078687968191e+05    2.7300768997520e-03
1.5097811251485e+05    -3.9522331207991e-02
1.5116934534779e+05    -1.0277946479619e-02
1.5136057818073e+05    -4.0182162076235e-02
1.5155181101367e+05    5.0082940608263e-02
1.5174304384661e+05    4.7777891159058e-02
1.5193427667955e+05    -6.2741227447987e-02
1.5212550951249e+05    4.0041379630566e-02
1.5231674234543e+05    2.3111410439014e-02
1.5250797517837e+05    2.8014559298754e-02
1.5269920801131e+05    2.5463260710239e-02
1.5289044084425e+05    -1.2053553946316e-02
1.5308167367719e+05    -2.7617828920484e-02
1.5327290651013e+05    6.7817643284798e-02
1.5346413934307e+05    1.4622180722654e-02
1.5365537217601e+05    -3.1739249825478e-02
1.5384660500895e+05    7.9943435266614e-03
1.5403783784189e+05    -6.5058305859566e-02
1.5422907067483e+05    -7.0621767081320e-03
1.5442030350776e+05    5.4297313094139e-02
1.5461153634070e+05    2.7394380420446e-02
1.5480276917364e+05    -2.1770795807242e-02
1.5499400200658e+05    1.0848688893020e-02
1.5518523483952e+05    -8.0299861729145e-03
1.5537646767246e+05    -9.1200508177280e-03
1.5556770050540e+05    -1.3309090398252e-02
1.5575893333834e+05    -4.3213371187449e-02
1.5595016617128e+05    -2.9730603098869e-02
1.5614139900422e+05    -2.8491850942373e-02
1.5633263183716e+05    2.0217902958393e-02
1.5652386467010e+05    7.5404387898743e-03
1.5671509750304e+05    5.8692775666714e-02
1.5690633033598e+05    5.0071515142918e-02
1.5709756316892e+05    -1.8018396571279e-02
1.5728879600186e+05    -5.7755153626204e-02
1.5748002883480e+05    2.1410981193185e-02
1.5767126166774e+05    -7.1036130189896e-02
1.5786249450068e+05    2.6866985484958e-02
1.5805372733362e+05    1.9584817811847e-02
1.5824496016656e+05    -2.4226233363152e-02
1.5843619299950e+05    -7.7084429562092e-02
1.5862742583244e+05    -7.5477492064238e-03
1.5881865866538e+05    -3.4295540302992e-02
1.5900989149832e+05    5.0352108664811e-03
1.5920112433126e+05    -3.3878419548273e-02
1.5939235716420e+05    1.5922715887427e-02
1.5958358999714e+05    -8.9178800582886e-02
1.5977482283008e+05    -1.5971884131432e-02
1.5996605566302e+05    2.7240507304668e-02
1.6015728849596e+05    6.3280994072556e-03
1.6034852132890e+05    -6.6909580491483e-03
1.6053975416184e+05    9.4786696135998e-02
1.6073098699478e+05    1.5517149120569e-02
1.6092221982772e+05    -4.3764725327492e-02
1.6111345266066e+05    -4.9808979034424e-02
1.6130468549360e+05    -2.7904702350497e-02
1.6149591832654e+05    3.3632960170507e-02
1.6168715115948e+05    3.8901373744011e-02
1.6187838399242e+05    -4.3997526168823e-02
1.6206961682536e+05    1.1182773858309e-02
1.6226084965830e+05    -3.3129978924990e-02
1.6245208249124e+05    -1.2542138807476e-02
1.6264331532418e+05    1.5337382443249e-02
1.6283454815712e+05    4.3745510280132e-02
1.6302578099006e+05    7.9481350257993e-03
1.6321701382300e+05    -7.3613137006760e-02
1.6340824665594e+05    2.5373138487339e-02
1.6359947948888e+05    -1.9206695258617e-02
1.6379071232182e+05    7.9007307067513e-04
1.6398194515476e+05    -3.7398554384708e-02
1.6417317798770e+05    4.2925737798214e-02
1.6436441082064e+05    4.2955598473782e-06
1.6455564365358e+05    6.4524196088314e-02
1.6474687648652e+05    -1.0802066884935e-02
1.6493810931946e+05    -1.4793170616031e-02
1.6512934215240e+05    -4.8903014510870e-02
1.6532057498534e+05    1.1738412082195e-02
1.6551180781828e+05    8.5019217804074e-03
1.6570304065122e+05    -4.8319806228392e-04
1.6589427348416e+05    5.7630930095911e-03
1.6608550631710e+05    4.4638335704803e-02
1.6627673915004e+05    3.5747274756432e-02
1.6646797198298e+05    -3.5279739648104e-02
1.6665920481592e+05    -5.4538875818253e-02
1.6685043764886e+05    -6.9612167775631e-02
1.6704167048180e+05    -5.6170998141170e-04
1.6723290331474e+05    -1.2465792708099e-02
1.6742413614768e+05    7.8264418989420e-03
1.6761536898062e+05    -6.8831406533718e-03
1.6780660181356e+05    -5.6885001249611e-03
1.6799783464650e+05    1.7131872475147e-02
1.6818906747944e+05    -5.0930911675096e-03
1.6838030031238e+05    -2.0300295203924e-02
1.6857153314532e+05    4.9262985587120e-02
1.6876276597826e+05    5.4192021489143e-03
1.6895399881120e+05    -1.5632957220078e-02
1.6914523164414e+05    1.4263962395489e-02
1.6933646447708e+05    2.7323946356773e-02
1.6952769731002e+05    5.5079165846109e-02
1.6971893014296e+05    1.3357042334974e-02
1.6991016297589e+05    -6.7438356578350e-02
1.7010139580883e+05    3.9814315736294e-02
1.7029262864177e+05    3.9547201246023e-02
1.7048386147471e+05    2.0926313009113e-03
1.7067509430765e+05    -3.9225030690432e-02
1.7086632714059e+05    -3.5527348518372e-02
1.7105755997353e+05    1.6163298860192e-02
1.7124879280647e+05    6.5484032034874e-02
1.7144002563941e+05    3.0957967042923e-02
1.7163125847235e+05    1.2404036708176e-02
1.7182249130529e+05    2.4276776239276e-03
1.7201372413823e+05    2.3704649880528e-02
1.7220495697117e+05    1.7271688207984e-02
1.7239618980411e+05    -3.2669987529516e-02
1.7258742263705e+05    -1.8216837197542e-02
1.7277865546999e+05    -6.4423349685967e-03
1.7296988830293e+05    -2.2417263244279e-04
1.7316112113587e+05    2.5702720507979e-02
1.7335235396881e+05    -5.0535745918751e-02
1.7354358680175e+05    2.3001980036497e-02
1.7373481963469e+05    2.3727208375931e-02
1.7392605246763e+05    2.1637009456754e-02
1.7411728530057e+05    5.0237182527781e-02
1.7430851813351e+05    -6.6127620637417e-02
1.7449975096645e+05    3.0932832509279e-02
1.7469098379939e+05    1.0692165233195e-02
1.7488221663233e+05    -8.3451075479388e-03
1.7507344946527e+05    2.3252056911588e-02
1.7526468229821e+05    -3.0830148607492e-03
1.7545591513115e+05    4.3200660496950e-02
1.7564714796409e+05    9.8024755716324e-03
1.7583838079703e+05    -7.0066971238703e-04
1.7602961362997e+05    -5.9185843914747e-02
1.7622084646291e+05    8.9825130999088e-03
1.7641207929585e+05    -3.6456875503063e-02
1.7660331212879e+05    2.7815019711852e-02
1.7679454496173e+05    -2.0640268921852e-02
1.7698577779467e+05    2.0692818798125e-03
1.7717701062761e+05    -1.3643734855577e-03
1.7736824346055e+05    2.7258701622486e-02
1.7755947629349e+05    3.0406839214265e-03
1.7775070912643e+05    -5.5138655006886e-02
1.7794194195937e+05    -4.0814615786076e-02
1.7813317479231e+05    3.1409092247486e-02
1.7832440762525e+05    -1.0132852010429e-02
1.7851564045819e+05    2.0434094592929e-02
1.7870687329113e+05    -6.5477401949465e-04
1.7889810612407e+05    -3.3371613826603e-03
1.7908933895701e+05    -1.3070757500827e-02
1.7928057178995e+05    6.1394829303026e-02
1.7947180462289e+05    1.8165316432714e-02
1.7966303745583e+05    -1.5135331079364e-02
1.7985427028877e+05    6.4039537683129e-03
1.8004550312171e+05    2.3809058591723e-02
1.8023673595465e+05    4.6970777213573e-02
1.8042796878759e+05    1.0990012437105e-02
1.8061920162053e+05    -3.3407934010029e-02
1.8081043445347e+05    -2.4093495681882e-02
1.8100166728641e+05    2.4079866707325e-02
1.8119290011935e+05    -9.1264443472028e-03
1.8138413295229e+05    2.6099428534508e-02
1.8157536578523e+05    -1.4835366047919e-02
1.8176659861817e+05    4.6940907835960e-02
1.8195783145111e+05    -6.5718039870262e-02
1.8214906428405e+05    -8.5366470739245e-03
1.8234029711699e+05    8.3517730236053e-02
1.8253152994993e+05    1.0017615742981e-02
1.8272276278287e+05    -3.7394288927317e-02
1.8291399561581e+05    4.6128306537867e-02
1.8310522844875e+05    7.5824037194252e-02
1.8329646128169e+05    6.9021843373775e-02
1.8348769411463e+05    1.7914600670338e-02
1.8367892694757e+05    -2.8249295428395e-02
1.8387015978051e+05    -4.8933193087578e-02
1.8406139261345e+05    -3.6873385310173e-02
1.8425262544639e+05    5.7756219059229e-02
1.8444385827933e+05    -7.9054280649871e-04
1.8463509111227e+05    -1.6905216500163e-02
1.8482632394521e+05    7.8885462135077e-03
1.8501755677815e+05    -3.0868085101247e-02
1.8520878961109e+05    -1.3502151705325e-02
1.8540002244403e+05    4.5899655669928e-02
1.8559125527696e+05    -1.6900857910514e-02
1.8578248810990e+05    1.0950941592455e-02
1.8597372094284e+05    4.9763213843107e-02
1.8616495377578e+05    4.6367496252060e-03
1.8635618660872e+05    -2.8135243803263e-02
1.8654741944166e+05    -3.3174239099026e-02
1.8673865227460e+05    -3.5706173628569e-02
1.8692988510754e+05    -4.7354036942124e-03
1.8712111794048e+05    8.9615639299154e-03
1.8731235077342e+05    3.3370502293110e-02
1.8750358360636e+05    -1.2207354418933e-02
1.8769481643930e+05    -4.3228432536125e-02
1.8788604927224e+05    5.0504799932241e-02
1.8807728210518e+05    2.7093434706330e-02
1.8826851493812e+05    -4.5175733976066e-03
1.8845974777106e+05    1.4718716265634e-03
1.8865098060400e+05    -8.9477701112628e-03
1.8884221343694e+05    2.3190163075924e-02
1.8903344626988e+05    2.8477581217885e-02
1.8922467910282e+05    1.1632440146059e-03
1.8941591193576e+05    6.2172585166991e-03
1.8960714476870e+05    -3.9456970989704e-02
1.8979837760164e+05    -8.0204947153106e-04
1.8998961043458e+05    -6.2150649726391e-02
1.9018084326752e+05    -1.2147623114288e-02
1.9037207610046e+05    -2.3816445842385e-02
1.9056330893340e+05    -4.5967292040586e-02
1.9075454176634e+05    -6.5626136958599e-02
1.9094577459928e+05    2.0615711808205e-02
1.9113700743222e+05    -1.2711616232991e-02
1.9132824026516e+05    -7.7825210988522e-02
1.9151947309810e+05    -2.6196923106909e-02
1.9171070593104e+05    2.2878838703036e-02
1.9190193876398e+05    6.3677035272121e-02
1.9209317159692e+05    -7.3061850853264e-03
1.9228440442986e+05    -3.1642865389585e-02
1.9247563726280e+05    4.7002639621496e-02
1.9266687009574e+05    2.3464251309633e-02
1.9285810292868e+05    2.3363938555121e-02
1.9304933576162e+05    4.1505832225084e-02
1.9324056859456e+05    -1.5433367341757e-02
1.9343180142750e+05    -2.2920040413737e-02
1.9362303426044e+05    7.0779897272587e-02
1.9381426709338e+05    3.1170936301351e-02
1.9400549992632e+05    5.2023407071829e-02
1.9419673275926e+05    -3.2580282539129e-02
1.9438796559220e+05    -4.3043844401836e-02
1.9457919842514e+05    5.6680650450289e-03
1.9477043125808e+05    7.8318931162357e-02
1.9496166409102e+05    -5.1121808588505e-02
1.9515289692396e+05    6.6825851798058e-02
1.9534412975690e+05    1.4180687256157e-02
1.9553536258984e+05    9.2883557081223e-03
1.9572659542278e+05    -6.4610660076141e-02
1.9591782825572e+05    4.0656212717295e-02
1.9610906108866e+05    -3.0536366626620e-02
1.9630029392160e+05    -7.9813143238425e-03
1.9649152675454e+05    -1.6668753698468e-02
1.9668275958748e+05    1.2758969329298e-02
1.9687399242042e+05    5.2978154271841e-02
1.9706522525336e+05    1.7291549593210e-02
1.9725645808630e+05    -3.1195443123579e-02
1.9744769091924e+05    -3.8528701406904e-04
1.9763892375218e+05    1.4436576748267e-03
1.9783015658512e+05    -3.8433667272329e-02
1.9802138941806e+05    -1.9221609458327e-02
1.9821262225100e+05    -2.4018479511142e-02
1.9840385508394e+05    3.9457093924284e-02
1.9859508791688e+05    5.5734183639288e-02
1.9878632074982e+05    -2.3245254531503e-02
1.9897755358276e+05    7.5760677456856e-02
1.9916878641570e+05    -5.2536990493536e-02
1.9936001924864e+05    -2.9110779985785e-02
1.9955125208158e+05    -1.2808227911592e-03
1.9974248491452e+05    4.3739236891270e-02
1.9993371774746e+05    9.0701803565025e-03
2.0012495058040e+05    1.7693286761642e-02
2.0031618341334e+05    2.8977815061808e-02
2.0050741624628e+05    1.5395032241940e-02
2.0069864907922e+05    -8.1697069108486e-02
2.0088988191216e+05    -3.5208921879530e-02
2.0108111474509e+05    7.1786098182201e-02
2.0127234757803e+05    3.0695345252752e-02
2.0146358041097e+05    1.5352984890342e-02
2.0165481324391e+05    -5.4344143718481e-02
2.0184604607685e+05    -9.4060384435579e-04
2.0203727890979e+05    -4.4898129999638e-03
2.0222851174273e+05    6.4691446721554e-02
2.0241974457567e+05    -2.5190111249685e-02
2.0261097740861e+05    7.1464769542217e-02
2.0280221024155e+05    -5.1956944167614e-02
2.0299344307449e+05    8.9958608150482e-03
2.0318467590743e+05    5.1229160279036e-02
2.0337590874037e+05    5.6512500159442e-03
2.0356714157331e+05    -7.3937125504017e-02
2.0375837440625e+05    6.4469240605831e-02
2.0394960723919e+05    8.4443770349026e-02
2.0414084007213e+05    2.0994183141738e-03
2.0433207290507e+05    3.1033594161272e-02
2.0452330573801e+05    -2.7449764311314e-02
2.0471453857095e+05    2.0337646827102e-02
2.0490577140389e+05    -1.9780894741416e-02
2.0509700423683e+05    6.7496545612812e-02
2.0528823706977e+05    7.6493911445141e-02
2.0547946990271e+05    -4.8273112624884e-02
2.0567070273565e+05    3.4627750515938e-02
2.0586193556859e+05    2.6748305186629e-02
2.0605316840153e+05    9.5886019989848e-03
2.0624440123447e+05    3.1862795352936e-02
2.0643563406741e+05    -1.0007929988205e-02
2.0662686690035e+05    -5.1177624613047e-02
2.0681809973329e+05    -5.9878765605390e-03
2.0700933256623e+05    2.2466514259577e-02
2.0720056539917e+05    -3.7972595542669e-02
2.0739179823211e+05    -6.7254290916026e-03
2.0758303106505e+05    -4.8035748302937e-02
2.0777426389799e+05    -5.7439305819571e-03
2.0796549673093e+05    1.0555613553151e-03
2.0815672956387e+05    -5.0095062702894e-02
2.0834796239681e+05    -4.7346834093332e-02
2.0853919522975e+05    -1.5683250501752e-02
2.0873042806269e+05    4.8728808760643e-02
2.0892166089563e+05    -3.6964833736420e-02
2.0911289372857e+05    7.8277103602886e-02
2.0930412656151e+05    -4.8553954809904e-02
2.0949535939445e+05    5.4003214463592e-03
2.0968659222739e+05    -4.0824770927429e-02
2.0987782506033e+05    4.7272904776037e-03
2.1006905789327e+05    -5.0581000745296e-02
2.1026029072621e+05    3.1038809102029e-03
2.1045152355915e+05    -5.8205671608448e-02
2.1064275639209e+05    1.8982863053679e-02
2.1083398922503e+05    2.5969654321671e-02
2.1102522205797e+05    -2.0647633820772e-02
2.1121645489091e+05    -3.5679806023836e-02
2.1140768772385e+05    5.1481053233147e-02
2.1159892055679e+05    8.6184293031693e-03
2.1179015338973e+05    1.3782018795609e-02
2.1198138622267e+05    9.5362868160009e-03
2.1217261905561e+05    -4.0084522217512e-02
2.1236385188855e+05    4.2282748967409e-02
2.1255508472149e+05    -4.0662107057869e-03
2.1274631755443e+05    4.2651160620153e-03
2.1293755038737e+05    -3.1488817185163e-02
2.1312878322031e+05    1.3946514576674e-02
2.1332001605325e+05    -3.3216174691916e-02
2.1351124888619e+05    -2.7264006435871e-02
2.1370248171913e+05    4.4814158231020e-02
2.1389371455207e+05    -7.3666207492352e-02
2.1408494738501e+05    -6.6663278266788e-04
2.1427618021795e+05    -3.1720429658890e-02
2.1446741305089e+05    5.3102824836969e-02
2.1465864588383e+05    5.2312340587378e-02
2.1484987871677e+05    2.4449067190289e-02
2.1504111154971e+05    3.6134243011475e-02
2.1523234438265e+05    -4.4389788061380e-02
2.1542357721559e+05    -1.4164539054036e-02
2.1561481004853e+05    -7.3516637086868e-02
2.1580604288147e+05    1.3269738294184e-02
2.1599727571441e+05    1.2292773462832e-03
2.1618850854735e+05    1.0645105503500e-02
2.1637974138029e+05    7.1275398135185e-02
2.1657097421322e+05    2.9169593006372e-02
2.1676220704616e+05    -1.5474611893296e-02
2.1695343987910e+05    3.7529841065407e-02
2.1714467271204e+05    -1.1893504299223e-02
2.1733590554498e+05    -5.3344290703535e-02
2.1752713837792e+05    1.3726309873164e-02
2.1771837121086e+05    -1.8751475960016e-02
2.1790960404380e+05    -2.1780397742987e-02
2.1810083687674e+05    8.5941248107702e-04
2.1829206970968e+05    -5.6579776108265e-02
2.1848330254262e+05    7.8739769756794e-02
2.1867453537556e+05    -1.8953766673803e-02
2.1886576820850e+05    6.0194272547960e-02
2.1905700104144e+05    -7.2936764918268e-03
2.1924823387438e+05    1.7742684110999e-02
2.1943946670732e+05    -6.5577767789364e-02
2.1963069954026e+05    1.5380337135866e-03
2.1982193237320e+05    -4.8567488789558e-02
2.2001316520614e+05    -4.5671812258661e-03
2.2020439803908e+05    -4.7512792050838e-02
2.2039563087202e+05    3.4051772207022e-02
2.2058686370496e+05    2.4750579148531e-02
2.2077809653790e+05    -4.3371628969908e-02
2.2096932937084e+05    -3.9939854294062e-02
2.2116056220378e+05    4.3893568217754e-02
2.2135179503672e+05    2.7558018919080e-03
2.2154302786966e+05    -2.3837517946959e-02
2.2173426070260e+05    8.2445308566093e-02
2.2192549353554e+05    -1.9615722820163e-02
2.2211672636848e+05    -7.5577287934721e-03
2.2230795920142e+05    -3.2355207949877e-02
2.2249919203436e+05    4.0383066982031e-02
2.2269042486730e+05    3.3258248120546e-02
2.2288165770024e+05    6.1373218894005e-02
2.2307289053318e+05    3.9811410009861e-02
2.2326412336612e+05    3.9358101785183e-02
2.2345535619906e+05    -6.4993865787983e-02
2.2364658903200e+05    3.8791857659817e-02
2.2383782186494e+05    -6.2501784414053e-03
2.2402905469788e+05    4.5221343636513e-02
2.2422028753082e+05    2.6770574972034e-02
2.2441152036376e+05    -3.7988368421793e-02
2.2460275319670e+05    4.2000573128462e-02
2.2479398602964e+05    -1.2567817233503e-02
2.2498521886258e+05    -4.8238504678011e-02
2.2517645169552e+05    3.5594976507127e-03
2.2536768452846e+05    -4.1191879659891e-02
2.2555891736140e+05    2.5493998080492e-02
2.2575015019434e+05    5.5640786886215e-02
2.2594138302728e+05    1.0356017388403e-02
2.2613261586022e+05    4.7148238867521e-02
2.2632384869316e+05    4.0568294934928e-03
2.2651508152610e+05    -8.4555912762880e-03
2.2670631435904e+05    -1.2235005386174e-02
2.2689754719198e+05    1.5756972134113e-02
2.2708878002492e+05    -3.4525096416473e-02
2.2728001285786e+05    -2.7000738307834e-02
2.2747124569080e+05    -3.2827358692884e-02
2.2766247852374e+05    2.7851479128003e-02
2.2785371135668e+05    -7.2629459202290e-02
2.2804494418962e+05    -3.7323433905840e-02
2.2823617702256e+05    -2.8675098437816e-03
2.2842740985550e+05    -4.2048957198858e-02
2.2861864268844e+05    3.5148993134499e-02
2.2880987552138e+05    -8.3276880905032e-03
2.2900110835432e+05    -5.8291401714087e-02
2.2919234118726e+05    5.2277579903603e-02
2.2938357402020e+05    -9.0942077338696e-02
2.2957480685314e+05    7.7740333974361e-02
2.2976603968608e+05    -1.4011953026056e-02
2.2995727251902e+05    -6.5342426300049e-02
2.3014850535196e+05    -7.8000514768064e-03
2.3033973818490e+05    5.7614628225565e-02
2.3053097101784e+05    -3.0112365260720e-02
2.3072220385078e+05    5.3152777254581e-02
2.3091343668372e+05    -2.6688126847148e-02
2.3110466951666e+05    2.7422498911619e-02
2.3129590234960e+05    -4.3817210942507e-02
2.3148713518254e+05    6.1677442863584e-03
2.3167836801548e+05    -7.6268878765404e-03
2.3186960084842e+05    -2.7458565309644e-02
2.3206083368135e+05    -3.5140026360750e-02
2.3225206651429e+05    -1.0077358223498e-02
2.3244329934723e+05    -1.7904847860336e-02
2.3263453218017e+05    1.6121752560139e-02
2.3282576501311e+05    -2.6687741279602e-02
2.3301699784605e+05    -4.6408828347921e-02
2.3320823067899e+05    -6.3303492963314e-02
2.3339946351193e+05    -2.0142946392298e-02
2.3359069634487e+05    4.9999286420643e-03
2.3378192917781e+05    6.8787354975939e-03
2.3397316201075e+05    -1.8480522558093e-02
2.3416439484369e+05    -2.2069446742535e-02
2.3435562767663e+05    4.1844651103020e-02
2.3454686050957e+05    -1.4573192223907e-02
2.3473809334251e+05    -4.7097969800234e-02
2.3492932617545e+05    -5.4012553300709e-04
2.3512055900839e+05    -1.2541952542961e-02
2.3531179184133e+05    -7.0175500586629e-03
2.3550302467427e+05    -1.9464982673526e-02
2.3569425750721e+05    3.5241205245256e-02
2.3588549034015e+05    6.4407601021230e-03
2.3607672317309e+05    -3.1471420079470e-02
2.3626795600603e+05    -1.4188989065588e-02
2.3645918883897e+05    2.5460334494710e-02
2.3665042167191e+05    2.9821563512087e-02
2.3684165450485e+05    1.5261886641383e-02
2.3703288733779e+05    3.4400369971991e-02
2.3722412017073e+05    2.2557301446795e-02
